26
32
33
36
37
36
35
44
59
66
60
58
58
55
44
39
37
26
18
17
28
49
55
40
23
5
1
17
35
48
53
42
24
13
17
16
-7
-33
-52
-68
-76
-86
-88
-93
-108
-122
-139
-161
-168
-154
-134
-136
-156
-156
-142
-133
-124
-114
-88
-66
-53
-46
-41
-37
-39
-38
-20
-7
-8
-11
-9
7
24
26
19
18
29
45
50
49
52
59
69
81
85
76
68
65
58
56
64
65
48
42
52
54
52
60
74
80
82
84
88
86
84
93
104
96
86
88
101
101
90
96
105
122
116
99
104
114
119
137
134
115
103
96
107
124
132
120
107
102
96
122
134
96
73
83
118
121
72
51
73
87
85
87
83
82
93
101
81
70
92
117
136
137
114
90
73
74
91
115
124
108
80
92
131
128
103
100
105
84
66
60
75
96
115
105
68
60
82
73
61
77
104
80
26
13
16
-6
68
128
103
44
6
28
36
55
96
104
103
102
134
163
132
70
75
138
197
228
235
237
226
246
260
257
278
325
341
306
276
245
213
200
218
258
249
228
209
167
133
116
135
166
161
114
77
52
55
55
33
26
17
7
1
26
64
27
11
28
2
-41
-40
-28
-22
-35
-40
-43
-50
-8
42
1
-69
-86
-54
-34
-51
-62
-72
-65
-50
-29
-5
12
8
12
16
-12
-38
-25
8
17
-30
-73
-92
-68
-27
-28
-65
-67
3
32
9
-34
-84
-75
-39
1
-3
-20
-34
-34
-7
32
18
-28
-6
40
60
5
-57
-57
-2
27
32
33
42
56
7
-10
23
41
25
22
33
50
54
10
-27
-6
48
9
-3
26
60
75
20
-2
26
61
72
68
55
18
10
-1
-4
16
34
38
39
33
-13
-25
12
29
36
23
16
29
32
23
12
16
21
8
6
16
33
39
25
25
18
3
19
24
12
7
7
-1
-7
16
43
38
32
32
26
42
72
73
54
49
50
45
44
48
42
50
67
85
98
80
45
41
68
83
85
70
52
58
68
51
52
66
72
80
73
57
40
36
48
60
67
68
68
58
48
45
44
40
41
38
21
6
1
5
20
32
25
20
24
37
54
69
66
52
50
54
65
59
34
18
35
48
35
36
48
54
48
50
69
86
81
67
65
82
90
80
66
56
35
24
36
43
40
42
48
52
50
42
41
43
41
42
50
58
61
54
50
45
42
48
48
42
41
52
67
71
65
49
39
44
49
41
39
33
22
24
39
53
58
54
44
34
35
41
44
43
44
54
57
49
38
25
21
24
34
44
50
45
48
56
60
55
49
42
38
34
32
36
40
42
42
38
32
34
43
42
37
37
40
36
38
37
23
19
36
48
59
65
59
67
70
68
66
64
61
64
73
97
114
117
116
119
121
121
123
130
129
121
116
115
107
96
83
90
102
105
101
87
72
70
68
67
70
86
106
114
97
80
86
103
106
98
91
96
89
76
60
50
43
25
10
7
5
2
0
2
-1
-13
-22
-11
-6
-5
-11
-21
-26
-17
0
6
-2
-7
-4
-6
-4
3
7
13
2
-3
6
26
40
52
49
35
22
24
38
52
57
55
51
57
65
61
57
57
51
35
19
7
4
4
1
5
16
19
20
18
13
26
44
51
48
41
37
36
43
42
38
34
36
41
43
51
57
42
32
38
44
52
54
50
53
58
65
71
82
83
81
81
75
64
57
53
41
33
34
38
42
48
43
39
44
57
66
61
54
58
68
73
67
52
53
69
76
73
65
57
54
53
48
38
35
40
50
54
60
71
70
59
52
49
53
56
50
52
66
73
53
27
27
45
69
76
67
56
55
51
49
49
49
58
70
73
72
70
75
87
86
70
58
58
58
64
65
64
64
61
71
76
60
34
22
32
42
45
41
44
56
57
51
40
40
39
27
20
21
27
25
23
18
10
11
13
8
2
4
13
21
23
26
28
26
28
39
52
64
64
58
53
37
20
22
32
35
39
38
33
35
40
41
43
39
35
38
49
52
44
41
44
44
48
57
60
56
54
51
50
50
50
48
38
26
20
20
35
49
41
25
26
29
26
24
24
34
48
50
48
44
51
51
50
41
27
21
29
50
57
58
55
54
70
84
86
81
72
69
76
85
91
96
86
71
60
50
48
57
72
73
71
74
75
65
57
54
48
42
41
41
48
49
48
49
54
48
37
26
27
35
38
33
26
26
44
60
64
51
38
28
26
25
25
19
8
17
33
33
18
18
22
24
18
4
1
12
26
34
35
32
33
32
9
-7
-4
3
18
34
42
48
42
41
50
52
48
41
38
27
22
23
27
37
44
51
54
53
50
49
38
38
54
70
73
70
61
60
55
40
35
40
55
64
54
41
38
43
42
28
18
20
29
35
32
23
13
18
38
58
57
39
23
26
33
26
27
38
39
37
42
55
58
52
37
