54
53
57
60
58
50
51
58
64
58
49
33
26
38
48
53
59
64
60
56
45
40
39
45
52
56
57
64
59
55
60
73
77
74
71
68
57
51
54
64
65
59
53
44
44
52
54
45
39
38
44
45
40
26
25
43
68
72
60
59
64
66
76
99
115
119
114
102
93
98
103
114
119
114
104
101
102
103
102
91
83
82
74
69
68
66
65
61
60
54
40
32
37
51
55
44
28
27
33
41
51
43
43
53
57
57
53
53
64
59
51
42
38
35
34
38
41
36
27
35
50
56
50
37
25
23
28
37
37
33
35
34
34
38
44
54
56
44
37
38
37
41
49
52
55
52
44
37
28
38
50
54
50
39
35
42
42
35
32
37
37
25
22
28
29
23
11
8
18
28
33
24
18
20
35
52
55
44
39
38
38
43
42
40
41
41
40
34
22
17
13
17
16
18
24
33
35
27
35
38
34
35
48
55
51
42
39
38
42
48
45
40
41
44
49
52
55
57
61
65
59
57
55
54
64
69
67
68
65
58
54
44
40
38
38
39
40
41
34
26
22
21
28
32
28
25
33
48
55
57
50
37
23
18
22
22
9
6
12
21
35
40
38
36
40
49
51
45
39
37
51
56
48
37
39
57
67
52
33
26
37
45
40
38
37
34
36
44
56
66
71
69
58
50
36
33
38
36
38
45
53
50
44
44
53
69
73
60
42
33
32
43
58
59
44
23
12
26
43
51
44
33
22
26
36
36
39
42
37
38
52
64
64
61
64
57
50
48
40
29
25
23
23
18
18
27
36
39
48
48
38
28
33
39
37
35
33
33
35
39
33
23
17
12
25
43
52
57
59
65
68
70
59
49
44
50
57
53
48
58
74
75
68
64
69
73
71
59
44
40
44
48
50
49
44
41
48
51
48
44
43
41
49
54
44
37
37
40
50
65
64
48
34
28
36
42
53
60
64
59
49
37
33
37
43
49
44
45
43
39
45
51
54
51
42
35
34
41
53
60
65
65
65
65
59
56
54
49
42
44
52
50
41
41
45
51
45
36
35
48
52
50
35
23
35
54
58
57
50
37
41
52
57
67
73
72
60
52
55
61
68
65
59
65
83
91
76
52
40
54
68
68
64
51
37
32
33
28
26
36
52
58
55
51
52
59
68
70
65
50
44
52
57
52
36
24
19
18
18
27
41
53
55
59
56
45
37
41
48
43
37
34
33
38
45
44
40
41
50
53
50
51
54
61
72
76
76
76
76
81
77
67
52
42
41
44
52
59
66
58
50
41
39
48
50
42
26
18
20
28
39
39
39
41
49
50
50
53
53
43
33
27
35
38
37
27
25
32
37
42
35
33
44
59
66
55
33
12
13
26
36
27
16
16
19
17
16
23
32
25
21
19
12
11
18
28
37
44
48
44
42
29
20
21
25
18
16
27
38
33
34
41
44
37
25
26
26
26
35
50
49
43
44
44
40
35
37
44
44
39
38
45
53
57
54
45
37
23
17
22
33
43
54
52
42
40
43
44
41
39
37
37
39
36
34
34
39
42
36
36
48
60
65
58
52
49
56
64
66
61
58
57
54
49
54
55
59
74
83
84
76
70
65
64
64
67
67
68
74
75
67
57
52
44
38
40
41
39
44
48
42
38
39
48
59
70
72
72
61
54
57
59
58
57
65
66
66
71
81
84
80
76
85
88
87
85
89
93
92
86
66
53
58
56
44
38
42
52
57
52
45
41
41
42
37
33
25
24
25
24
28
32
25
27
33
23
13
11
20
34
45
41
22
8
7
16
16
11
12
10
6
4
10
24
35
43
40
32
26
34
43
54
43
34
34
48
57
59
58
57
56
55
54
50
52
58
60
68
72
73
70
65
60
49
33
27
28
29
43
60
70
61
49
40
55
76
84
83
85
87
77
69
65
68
70
69
70
75
75
77
84
89
87
74
64
59
64
65
71
76
74
65
57
53
51
54
64
65
59
60
64
66
58
49
28
18
9
11
22
27
22
16
19
28
34
38
42
40
36
27
20
19
23
33
36
43
52
49
49
49
50
51
53
59
69
74
82
83
80
76
72
66
58
56
48
38
28
27
39
58
61
54
56
73
89
90
89
89
118
172
198
186
156
149
179
211
209
182
151
162
185
202
199
192
195
209
212
200
192
182
162
145
131
108
88
89
102
104
90
74
69
65
52
37
24
16
4
-6
-25
-43
-51
-45
-42
-41
-40
-37
-29
-27
-35
-43
-55
-68
-68
-52
-40
-38
-39
-36
-24
-13
-9
-10
-8
6
21
18
-2
-23
-35
-37
-35
-28
-33
-39
-41
-42
-42
-40
-40
-43
-45
-52
-50
-42
-24
-5
6
5
-2
-6
-1
3
-6
-10
