42
55
69
69
54
53
67
56
40
50
69
73
59
51
51
65
70
50
28
28
41
69
90
92
91
88
70
58
65
69
72
65
51
50
54
57
57
35
17
26
38
27
16
34
52
41
33
33
43
66
77
67
34
3
8
23
26
25
19
19
28
39
37
33
24
26
48
54
32
16
19
7
17
56
72
64
51
52
45
36
27
20
33
53
57
51
52
53
43
37
51
61
65
67
74
77
75
71
72
82
82
64
38
32
50
67
53
39
43
51
54
64
70
57
44
39
50
66
73
85
96
76
57
59
69
65
43
33
45
58
56
34
19
33
53
58
37
11
12
29
35
34
54
81
76
52
40
43
48
38
21
18
39
51
44
44
52
60
68
68
66
59
56
50
44
52
57
64
77
97
100
82
61
70
90
101
98
84
71
64
68
84
92
100
99
86
80
70
61
74
108
113
82
60
56
52
56
68
72
71
70
69
59
53
68
80
72
68
74
66
41
33
42
65
74
68
52
43
41
35
37
36
23
20
29
34
35
32
22
24
37
38
28
18
5
5
22
39
50
59
81
87
77
66
53
35
25
26
34
41
44
56
61
56
44
42
41
34
32
32
35
33
28
39
49
37
16
7
16
35
49
54
42
29
27
29
27
32
26
20
25
22
4
-6
5
22
25
17
18
10
-10
-22
-7
12
28
39
39
23
5
1
-1
-6
-3
12
18
6
-3
0
27
65
69
54
44
39
38
38
32
24
21
24
51
74
68
43
29
28
58
82
75
58
42
21
21
39
41
32
27
41
43
35
20
12
20
27
26
19
12
16
11
17
32
48
50
45
44
49
48
43
54
53
32
11
18
38
50
50
50
49
39
25
25
49
66
72
81
86
76
52
29
21
17
18
22
27
27
34
49
64
67
54
49
49
48
44
48
52
64
74
87
104
99
69
56
73
91
81
55
48
54
64
69
66
55
56
60
65
57
52
48
51
55
55
53
53
51
52
44
36
26
12
5
23
56
68
54
43
44
48
56
65
68
69
65
50
39
28
32
41
45
40
34
42
70
83
72
55
42
49
54
57
65
52
34
41
54
57
54
55
56
53
50
56
71
60
41
29
34
51
65
69
60
52
34
11
10
23
22
18
32
45
48
40
32
22
26
41
52
44
26
19
27
39
43
33
21
26
49
60
70
67
54
35
23
35
55
69
80
84
86
77
65
64
70
71
67
56
60
82
80
60
61
81
84
81
81
73
56
61
80
73
59
53
49
42
50
68
87
83
58
45
54
64
60
48
28
25
39
48
38
24
22
42
53
43
40
52
50
38
27
34
43
56
67
74
66
44
25
33
64
71
51
43
65
73
72
69
67
80
112
146
160
154
152
160
184
199
202
210
217
216
232
252
248
236
246
262
252
233
221
227
229
220
208
210
202
195
187
177
154
132
120
113
98
85
91
100
96
83
70
55
36
32
40
40
23
4
-4
1
4
1
6
16
4
-25
-51
-44
-27
-14
-9
-17
-28
-34
-36
-42
-40
-23
-21
-40
-52
-56
-39
-22
-24
-29
-34
-35
-30
-25
-18
-19
-26
-26
-13
0
-1
-13
-22
-13
-9
-26
-41
-28
-6
0
-6
-11
-22
-40
-43
-34
-25
-26
-37
-45
-54
-57
-41
-29
-26
-19
-11
-8
-4
-6
-12
-21
-13
-1
6
10
36
50
34
18
7
7
8
2
2
20
45
71
67
26
-34
-62
-50
-28
-35
-56
-77
-90
-106
-119
-109
-99
-100
-113
-129
-139
-138
-133
-139
-137
-108
-73
-49
-29
-36
-56
-62
-56
-39
-7
-1
-20
-40
-39
-25
-18
1
9
10
1
2
18
36
50
43
36
27
20
16
8
4
5
12
37
54
55
53
50
56
66
60
59
71
85
87
92
99
92
77
64
64
80
83
80
73
76
89
96
84
73
72
64
59
64
59
58
64
71
74
76
87
102
115
116
102
88
83
76
69
84
113
130
114
92
96
105
108
103
96
87
84
85
88
90
90
71
56
53
70
91
104
106
109
113
130
135
134
135
138
134
130
134
145
151
148
140
124
130
149
140
108
84
87
108
128
131
105
83
82
92
108
105
75
38
37
67
100
96
65
42
33
25
40
54
43
39
27
12
33
60
73
49
11
37
75
73
41
20
17
32
55
80
72
40
32
44
50
26
21
39
59
66
48
48
60
54
43
48
51
44
52
55
26
7
18
38
48
52
59
59
26
17
32
33
23
27
49
55
22
4
18
28
36
36
32
40
69
82
64
48
38
34
26
37
44
32
26
42
42
32
39
56
64
53
41
29
23
34
37
29
33
39
35
21
22
34
37
39
28
27
41
44
40
44
54
51
38
33
35
48
58
59
44
25
13
19
28
38
50
56
48
44
57
54
32
16
22
40
48
35
35
40
32
27
43
49
27
13
11
13
