11
28
32
35
57
75
64
33
35
70
89
86
85
80
81
99
112
102
104
119
135
139
131
133
152
170
172
168
162
155
166
183
186
182
192
214
234
234
225
219
228
242
240
230
228
226
218
213
218
231
232
225
217
202
177
154
145
129
117
114
102
87
69
58
52
51
44
37
33
22
11
5
1
4
3
6
16
7
-13
-26
-24
-26
-35
-37
-39
-54
-71
-84
-83
-81
-89
-97
-94
-87
-83
-91
-99
-91
-88
-87
-83
-86
-91
-97
-90
-81
-74
-84
-94
-88
-67
-50
-44
-39
-40
-43
-41
-28
-22
-28
-37
-42
-43
-37
-27
-26
-27
-33
-38
-44
-40
-26
-18
-21
-25
-17
-9
-13
-25
-28
-21
-13
-7
-7
-13
-24
-20
-3
8
20
37
56
66
59
56
65
69
57
49
44
43
42
50
43
40
37
43
53
44
32
28
32
32
36
36
25
16
18
37
65
81
73
60
58
54
48
44
53
60
55
55
54
49
48
50
49
54
60
66
71
65
51
35
20
23
40
55
55
52
45
54
73
72
55
49
60
72
70
61
52
45
45
54
65
72
72
68
64
56
54
54
49
44
54
67
73
81
80
73
75
87
99
108
107
98
88
81
71
73
91
101
100
91
90
96
101
106
103
99
102
112
107
93
85
84
88
90
86
68
56
64
70
70
71
69
58
48
39
33
24
27
40
48
37
34
50
64
69
60
43
35
40
44
44
41
41
35
20
10
12
22
21
12
18
21
29
48
53
41
21
8
11
26
33
22
16
23
36
29
22
24
36
39
36
32
26
22
24
32
27
26
34
48
57
65
64
54
48
48
50
58
75
86
72
54
53
56
58
54
41
33
27
29
32
25
20
21
32
52
66
65
49
26
19
25
41
67
86
87
77
72
65
60
52
38
49
72
83
86
91
92
75
66
99
100
53
44
76
93
93
85
67
39
35
43
67
86
83
73
68
67
67
73
82
72
68
67
42
36
58
66
38
25
65
86
55
32
32
57
73
54
40
36
36
42
51
51
43
43
72
88
64
40
53
53
21
6
23
39
36
28
29
29
28
28
25
24
34
49
56
55
45
39
48
54
65
66
50
36
32
33
28
25
29
26
22
28
36
29
27
20
11
5
4
16
32
37
25
6
2
16
22
10
-6
-19
-25
-24
-12
-6
-9
-9
1
7
1
-9
-12
-4
8
9
7
5
2
2
9
33
49
44
39
36
32
24
26
32
35
39
42
49
41
26
24
39
44
42
42
40
44
42
26
10
13
29
48
52
51
52
54
52
58
66
57
38
29
41
50
52
61
64
48
38
40
41
49
67
69
52
41
51
61
71
72
71
76
76
71
59
50
50
54
54
55
64
65
52
36
34
42
38
32
41
55
67
71
66
58
53
41
38
38
40
41
49
48
40
38
44
64
73
71
68
56
42
42
50
55
56
54
50
38
32
38
56
65
64
58
57
57
60
53
39
41
58
69
69
56
25
1
4
27
50
48
25
28
60
50
12
12
49
76
33
2
25
35
39
45
34
33
51
51
48
57
58
42
12
39
92
114
117
105
76
57
80
108
89
105
134
118
88
67
69
124
177
180
165
184
216
224
230
258
279
274
262
272
268
253
259
288
316
332
337
346
341
320
305
283
253
228
214
216
213
211
204
195
180
161
149
141
133
113
96
98
93
85
69
44
34
33
3
-23
-22
-28
-39
-51
-70
-104
-131
-138
-133
-130
-150
-193
-214
-221
-230
-204
-151
-135
-157
-137
-82
-131
-228
-297
-249
-158
-186
-246
-238
-188
-140
-152
-196
-181
-146
-122
-117
-161
-218
-233
-205
-172
-162
-146
-132
-124
-117
-117
-107
-108
-107
-87
-60
-36
-12
0
0
5
22
32
24
28
42
60
84
96
99
107
107
108
132
148
153
177
167
139
124
134
151
179
218
249
210
156
133
137
156
178
168
128
122
148
161
131
103
103
114
113
100
68
38
24
37
43
45
60
87
104
88
36
-6
-5
18
21
9
-3
-11
-22
-7
17
34
36
21
10
20
12
-4
-9
12
7
-12
2
8
-101
-220
-89
85
84
-41
-92
-188
-266
-140
-88
32
125
20
-123
-135
-10
83
83
57
-29
-140
-161
-3
21
-50
-5
60
100
-2
-115
22
256
234
92
27
60
137
213
246
233
185
144
130
133
132
139
155
183
209
215
203
212
244
260
225
176
176
212
272
321
296
219
214
274
300
312
315
305
280
262
259
264
268
262
253
240
228
216
198
188
214
232
224
181
144
156
204
215
186
180
178
168
185
184
154
149
179
203
186
167
162
160
153
150
154
176
171
170
147
128
153
165
136
120
133
132
108
90
89
101
108
101
89
70
71
97
108
85
48
20
25
68
102
99
68
37
24
28
4
-9
32
74
32
-3
16
8
-85
-153
-43
28
-5
-66
-92
-33
65
112
72
-7
-50
-60
-51
-29
-36
-83
-133
-156
-133
-73
-36
-50
-59
-66
