132
133
123
85
92
96
88
109
124
128
152
146
106
117
168
195
168
131
91
82
107
131
133
106
133
199
212
144
88
106
147
151
104
35
24
118
160
147
129
91
65
73
114
135
112
86
67
41
64
88
68
24
39
80
82
85
113
112
90
77
88
101
89
72
52
36
49
72
100
91
72
80
101
90
68
67
56
72
85
52
58
97
113
75
48
42
77
98
72
34
28
68
83
81
80
100
103
61
32
64
68
35
19
8
56
118
96
43
19
21
24
48
69
54
20
16
42
54
66
72
32
11
26
59
68
52
25
40
52
-9
-13
64
98
85
71
75
87
75
42
28
80
137
104
42
10
37
59
81
83
42
25
75
93
55
40
49
60
67
72
38
18
23
36
24
36
88
109
122
105
28
20
72
102
102
66
11
35
80
69
32
33
75
91
50
16
6
56
102
84
105
113
50
7
58
116
116
106
86
55
81
88
75
146
218
199
146
123
118
107
72
77
118
125
81
64
75
81
59
85
114
82
33
4
28
70
64
9
-7
21
48
50
-4
-61
-29
50
82
7
-57
0
69
40
-21
-17
39
52
-6
-59
-99
-49
53
58
8
-24
0
37
-3
-34
5
-1
-66
-91
-19
17
-29
-43
-14
-40
-68
-34
-19
-49
-66
-27
43
68
5
-58
-57
-19
34
71
73
41
11
-22
10
90
105
76
50
33
26
27
55
65
60
53
33
49
61
60
42
40
65
81
74
55
19
-23
2
54
74
54
16
2
-4
-7
11
51
49
10
32
43
-3
-53
-77
-56
17
65
28
-4
21
38
-5
-36
-4
32
26
0
-19
-27
-6
11
39
36
-3
-7
24
54
32
-7
-55
-28
60
51
-5
33
100
121
109
120
149
134
61
40
84
115
115
69
6
18
83
119
96
84
121
155
124
96
101
99
64
56
73
44
-4
0
41
65
85
89
85
87
88
71
60
86
109
89
71
67
67
72
85
86
74
57
29
48
67
70
71
58
73
115
125
98
69
82
84
65
51
32
35
42
40
55
89
130
117
83
64
59
36
7
26
83
106
96
88
91
87
81
77
99
118
119
102
54
25
50
60
48
52
60
60
70
75
85
87
81
73
67
81
80
60
61
60
33
23
64
85
88
92
99
90
81
70
59
68
85
80
43
23
54
72
58
64
80
54
12
13
71
99
73
56
64
60
50
57
89
113
97
72
40
33
65
82
42
10
20
50
76
40
-27
-56
1
50
27
-6
-10
6
25
34
35
34
50
49
40
37
27
10
26
53
57
38
6
-4
18
19
10
49
67
23
-26
-29
10
50
71
59
44
44
27
-3
25
85
115
81
28
2
6
29
72
98
86
51
27
54
104
124
103
71
57
74
97
68
42
28
-2
-25
18
102
92
22
0
17
49
114
135
88
42
61
99
92
32
-27
-9
81
130
81
16
2
8
25
37
38
54
55
19
0
11
18
16
67
103
103
97
69
51
41
64
71
60
49
45
56
71
83
89
73
68
60
42
39
41
44
77
102
84
57
75
96
86
87
83
40
17
29
72
122
122
60
52
72
67
80
88
73
74
74
64
50
35
25
60
115
118
70
44
51
81
103
114
86
57
65
70
81
92
87
76
57
48
68
97
102
92
81
67
72
57
40
38
61
58
42
41
52
50
37
33
48
75
86
58
49
89
115
92
69
68
70
73
72
65
64
65
67
66
55
57
55
40
37
38
24
10
21
57
87
92
80
52
40
40
37
36
39
33
-4
-25
19
92
84
11
-17
43
112
114
89
64
48
55
68
65
43
52
96
128
119
96
84
85
91
100
91
69
74
104
93
49
33
54
71
75
81
70
85
134
136
83
57
83
125
138
115
103
102
74
39
35
56
80
73
68
83
130
170
188
157
102
100
165
224
252
277
284
277
273
279
297
315
324
314
299
310
345
368
352
341
348
357
348
330
320
297
262
231
212
213
204
177
150
137
130
103
72
54
44
42
56
58
28
7
-13
-43
-61
-70
-74
-82
-84
-86
-108
-125
-120
-114
-116
-121
-121
-100
-108
-152
-183
-182
-166
-152
-156
-164
-164
-171
-194
-201
-181
-169
-181
-174
-166
-166
-165
-169
-173
-171
-157
-133
-125
-135
-134
-148
-154
-148
-136
-130
-122
-103
-101
-113
-97
-69
-60
-72
-86
-87
-78
-67
-73
-85
-78
-68
-71
-69
-43
-20
-21
-38
-34
-18
-23
-43
-30
-2
20
23
4
-25
-54
-45
-19
-5
-21
-36
-35
-29
-27
-33
-7
8
0
-6
-6
2
16
26
22
12
5
-8
-17
12
28
5
-6
17
27
29
42
54
41
25
25
18
23
49
54
42
42
54
48
27
27
40
48
53
44
35
43
43
33
43
54
45
51
55
60
65
60
43
38
52
37
21
38
68
85
86
72
57
59
60
43
43
57
44
32
27
36
49
60
67
60
54
39
35
38
38
36
40
60
77
73
55
28
7
12
44
