69
44
40
45
44
38
35
34
41
54
51
42
41
43
37
32
27
26
28
34
34
26
27
22
24
38
40
33
36
51
64
56
43
42
43
38
28
20
7
9
12
6
7
23
36
44
41
34
20
13
36
54
60
71
74
69
60
64
74
80
68
51
32
19
26
60
91
87
53
19
21
48
59
52
28
12
26
44
39
29
17
0
-4
5
16
22
27
19
11
20
38
50
43
28
12
13
38
49
41
38
42
50
60
73
76
70
61
50
37
37
40
40
51
67
73
55
41
54
58
42
29
34
40
39
37
24
18
25
40
44
37
26
16
6
8
20
39
51
43
42
55
67
68
54
41
36
35
37
48
67
77
76
67
48
41
56
68
60
49
40
42
52
54
60
66
67
69
68
55
43
41
44
53
55
48
35
36
52
68
68
57
54
57
65
66
53
41
50
66
69
56
48
50
56
65
70
66
58
60
67
67
57
56
71
87
74
58
64
67
57
49
52
66
74
72
61
53
53
55
55
59
57
50
49
52
60
74
80
64
50
42
37
41
59
76
77
60
43
48
75
114
128
108
88
92
113
124
116
100
98
114
133
133
119
106
96
69
48
49
61
66
51
38
28
22
18
12
22
52
74
68
48
42
57
57
43
27
19
16
13
16
23
37
40
36
39
41
38
37
39
39
41
41
43
35
20
4
-3
10
34
33
10
-6
-6
2
2
1
7
20
26
10
-6
-6
-2
-2
1
12
26
33
34
40
52
51
39
26
16
9
18
39
57
48
20
6
12
20
20
23
26
23
17
7
-1
-7
-2
18
38
45
40
42
53
50
34
28
43
56
61
64
66
67
59
51
54
52
44
40
34
29
35
43
43
35
26
27
36
44
51
53
48
40
43
53
68
76
70
52
42
40
39
36
37
50
67
72
65
56
56
60
64
60
64
67
67
66
58
53
48
48
52
66
70
64
52
52
55
64
67
64
59
60
55
50
48
51
54
65
60
52
53
50
35
24
34
52
55
49
35
23
34
49
51
40
29
27
34
43
59
67
66
59
55
59
71
66
39
17
11
12
18
10
8
17
20
20
23
25
25
33
44
52
42
25
17
25
34
27
19
12
13
25
42
54
55
44
32
33
45
50
40
32
38
49
51
49
40
33
28
27
25
25
24
18
4
-10
-11
1
12
22
38
51
53
51
48
39
27
20
20
28
38
39
39
40
39
32
25
33
44
41
33
36
34
34
32
34
49
67
70
59
53
52
53
54
44
37
33
28
23
18
20
35
56
60
44
27
23
22
12
7
11
18
32
49
51
35
26
37
42
42
52
53
48
56
74
80
71
64
56
53
48
28
25
53
74
80
82
96
101
92
98
107
114
114
97
80
65
60
80
99
105
103
97
86
72
65
71
80
74
69
66
72
80
80
71
57
39
19
3
2
7
18
34
42
38
34
37
45
43
37
32
28
26
22
22
26
22
18
10
8
12
27
39
33
20
16
12
19
25
32
39
32
20
13
21
35
48
52
54
52
38
22
20
16
13
20
18
7
11
19
11
2
6
17
10
3
11
34
45
38
18
7
16
25
32
24
19
18
16
17
13
17
34
53
51
45
50
44
39
34
34
38
42
45
51
64
72
72
75
82
90
91
87
76
60
52
53
54
55
72
85
76
54
44
52
69
77
80
76
82
82
74
73
90
99
83
56
32
20
24
41
60
70
60
48
44
59
72
64
48
39
40
40
38
34
33
27
23
28
40
43
36
22
17
26
44
50
38
25
21
18
16
9
9
9
7
12
33
59
80
81
70
59
56
52
44
50
53
55
60
64
57
58
53
36
41
59
72
75
74
70
57
48
56
68
71
68
58
56
67
70
55
43
40
36
41
57
72
88
100
99
85
67
59
67
65
50
33
24
39
66
82
81
69
60
57
58
58
52
35
18
11
24
32
25
29
35
48
67
75
57
42
48
51
52
55
59
65
68
69
61
57
60
69
74
69
61
54
51
48
48
57
57
36
25
41
56
65
64
60
59
68
73
73
67
57
54
56
58
58
54
51
53
57
60
64
70
73
70
59
55
60
64
54
40
33
27
22
21
28
49
53
35
25
28
29
29
21
18
22
32
42
55
60
50
20
-17
-25
0
20
8
-17
-30
-23
-24
-42
-56
-49
-34
-22
-21
-33
-35
-24
-19
-23
-34
-23
-5
-2
-7
-7
-4
-4
-7
-8
-1
6
12
12
4
2
10
20
24
35
45
51
52
57
56
49
40
42
52
54
50
39
33
38
39
34
38
50
53
48
49
51
55
57
45
38
44
56
64
66
53
37
28
33
37
41
42
42
39
32
36
49
60
59
50
37
27
27
37
42
49
49
43
54
58
56
56
57
59
58
53
