48
43
37
36
34
35
48
56
53
51
55
45
40
35
32
43
58
57
55
56
52
43
53
60
59
53
54
65
70
72
74
74
72
60
52
55
67
72
68
67
72
75
75
72
70
60
54
50
50
54
52
45
42
35
22
24
38
36
22
23
28
25
20
19
24
37
40
37
36
40
38
32
28
36
50
49
35
29
39
41
33
28
22
17
16
26
49
57
58
51
43
42
43
42
38
36
34
32
25
18
18
36
55
68
73
75
76
83
93
97
87
86
84
80
86
101
107
98
81
75
81
90
101
97
81
71
73
70
52
39
43
49
50
39
24
21
28
36
41
48
41
32
25
20
9
18
44
57
54
44
48
54
52
50
40
24
19
32
48
57
52
44
35
23
26
32
32
33
34
44
56
60
71
84
83
72
68
64
58
57
65
80
85
80
70
67
75
87
91
82
60
41
27
34
54
65
66
60
58
58
61
67
61
44
40
50
54
35
21
26
45
56
50
40
32
24
27
36
40
35
34
38
42
43
42
38
40
43
34
26
38
55
59
38
9
12
32
35
34
44
58
56
38
23
27
40
48
39
26
21
32
43
49
56
59
57
57
56
53
54
51
36
25
29
44
56
55
51
50
51
57
58
44
36
52
74
83
77
66
55
59
66
64
53
32
21
24
21
13
19
26
29
28
27
25
29
35
35
41
55
60
55
49
50
48
35
35
51
67
72
66
58
52
52
52
48
38
34
49
69
70
52
40
38
38
36
27
25
35
39
39
42
41
34
29
34
38
44
50
48
43
39
42
54
51
40
28
25
26
24
23
26
37
52
61
54
39
41
52
52
37
29
28
21
18
21
17
11
21
42
54
50
44
42
39
39
41
44
51
55
52
44
37
33
28
24
32
43
52
57
60
44
22
18
39
56
53
42
42
50
54
57
69
83
81
57
39
39
39
28
23
27
35
39
35
22
21
36
56
67
69
68
57
50
39
39
52
55
43
26
22
39
58
70
69
64
66
71
71
69
69
71
76
75
70
65
56
60
67
59
50
41
37
43
50
51
50
44
43
43
38
36
50
68
67
54
49
51
50
43
41
42
53
57
55
53
43
38
39
43
41
28
20
25
42
58
61
51
37
29
34
50
56
58
44
27
20
20
24
32
35
40
39
38
44
43
33
23
25
29
34
42
51
43
29
22
22
33
50
50
36
27
40
57
56
54
57
54
50
42
37
37
52
70
69
56
44
56
73
83
75
69
61
53
38
35
42
55
73
81
77
67
55
55
59
67
65
51
44
45
45
41
42
44
40
49
55
58
59
52
42
41
52
58
57
54
49
49
51
54
50
35
24
23
25
27
33
36
49
71
70
55
54
55
45
50
72
89
80
64
60
57
52
68
76
44
10
2
-1
21
58
73
58
45
38
37
41
58
76
91
122
139
104
75
91
86
96
148
139
90
89
166
205
61
-77
8
232
362
263
135
150
256
344
298
251
305
384
355
256
243
227
145
90
220
374
482
484
376
323
378
456
476
412
339
453
412
217
83
-22
-77
-83
-44
8
24
9
-169
-323
-146
117
181
134
106
107
70
-14
-83
-74
-26
-55
-140
-197
-196
-166
-141
-120
-122
-161
-205
-214
-168
-103
-77
-102
-107
-65
-3
25
-30
-173
-268
-225
-150
-162
-289
-417
-341
-181
4
132
70
-59
-104
-35
20
-75
-147
-71
49
41
-125
-231
-139
8
64
27
-102
-236
-85
220
243
75
34
5
-33
-37
81
198
194
114
6
-4
102
283
422
373
183
89
178
213
136
137
267
339
309
283
370
438
338
234
252
292
336
369
371
389
435
452
406
441
579
652
649
652
691
764
809
776
694
724
899
1115
1186
1105
1009
972
971
917
838
852
883
885
855
811
819
837
834
837
867
855
774
676
663
693
690
684
699
690
643
609
632
626
584
508
442
373
332
474
619
584
428
324
326
388
407
373
309
212
235
297
288
218
225
291
283
227
134
103
162
205
170
71
-26
-67
-56
-41
-70
-123
-117
-12
104
98
-27
-99
-99
-43
28
32
-46
-125
-169
-216
-201
-108
-29
-22
-68
-75
-59
-28
-40
-75
-97
-66
5
-6
-94
-142
-120
-100
-99
-82
-68
-108
-162
-134
-76
-67
-103
-108
-117
-134
-141
-152
-166
-195
-221
-246
-268
-277
-259
-220
-153
-156
-228
-266
-261
-222
-181
-199
-268
-284
-279
-323
-340
-322
-380
-366
-238
-163
-182
-185
-166
-234
-305
-362
-375
-379
-440
-458
-402
-266
-219
-296
-331
-311
-234
-189
-235
-321
-375
-385
-382
-403
-441
-413
-332
-282
-353
-408
-349
-246
-241
-293
-318
-291
-254
-218
-204
-198
-232
-263
-275
-301
-250
-162
-141
-152
-166
-172
-194
-241
-253
-218
-210
-199
-197
-152
-68
-42
-102
-171
-227
-230
-194
-155
-179
-214
-204
-242
-278
-214
-113
-116
-180
-196
-163
-148
-161
-150
-125
-142
-205
-252
-290
-243
-166
-134
-141
-149
-77
-49
-157
-243
-200
