42
49
53
57
52
41
32
27
33
48
58
55
51
45
43
39
36
36
41
43
52
58
67
60
50
51
70
82
74
58
57
76
98
101
90
74
57
51
39
25
27
41
38
26
26
34
51
66
64
60
60
54
42
35
35
44
51
51
50
56
64
69
76
74
66
56
48
42
49
67
84
82
66
56
65
72
72
67
64
57
53
57
75
99
112
101
84
69
66
73
87
91
84
75
72
73
73
71
69
75
77
72
65
54
44
37
36
44
57
73
75
60
49
50
58
64
58
60
59
55
56
59
56
54
64
72
71
60
49
42
58
76
77
60
52
43
39
42
52
50
36
32
37
40
43
48
55
66
69
74
74
69
71
74
77
72
54
40
40
39
37
40
48
54
59
55
45
45
54
56
58
60
66
80
89
89
81
69
68
83
101
106
100
87
76
91
135
168
167
139
113
100
109
128
131
131
129
128
129
132
125
114
96
87
91
99
97
91
88
91
105
108
98
80
74
90
96
83
71
53
32
22
24
28
32
34
38
44
44
37
20
4
2
10
22
24
12
6
16
29
36
34
24
25
26
23
16
3
-2
-2
-8
-12
-9
-4
3
12
26
32
19
11
16
26
28
25
23
23
32
41
50
48
33
17
11
12
16
16
19
24
32
40
48
53
50
40
36
34
32
36
41
44
51
53
55
58
55
50
45
42
43
44
54
64
60
58
53
42
43
54
71
77
70
57
55
56
55
54
54
51
52
53
48
40
40
52
57
59
67
68
60
53
38
21
20
40
53
52
44
42
43
44
29
11
5
16
39
53
49
39
34
32
28
21
17
24
39
58
76
72
61
56
58
66
59
49
39
33
32
38
52
60
58
50
49
55
67
66
54
44
48
54
53
43
37
37
45
49
37
36
53
56
50
42
42
43
45
40
32
25
18
11
13
20
26
36
29
27
25
12
9
9
7
7
7
18
36
49
49
40
39
41
36
25
23
24
25
25
28
43
58
65
48
24
18
25
37
39
38
33
36
33
28
35
48
52
48
56
70
74
73
81
98
106
91
70
59
66
68
64
64
71
73
64
50
48
52
53
42
32
34
41
45
41
36
41
51
56
52
43
42
50
64
74
74
73
71
77
75
66
52
43
41
48
45
41
41
42
40
33
24
11
20
50
57
42
40
53
58
49
37
34
34
41
54
52
39
39
51
69
76
64
58
75
101
117
131
128
108
99
92
82
81
88
84
76
81
77
64
43
42
55
72
84
83
65
56
68
86
91
85
73
66
59
57
56
68
88
102
100
84
69
72
77
86
86
77
86
96
96
82
58
38
33
39
56
71
70
53
36
35
39
37
38
37
26
3
-4
10
28
28
22
22
34
40
48
55
56
44
38
50
50
41
34
32
36
36
38
42
49
49
49
52
56
60
69
71
61
49
43
45
50
48
41
33
36
42
42
38
32
22
13
12
12
21
28
34
23
22
33
49
58
56
43
27
25
34
42
40
28
32
39
42
44
50
49
38
35
38
41
44
49
56
59
45
36
50
43
21
18
24
26
21
11
18
22
13
10
11
16
11
-7
-11
2
13
9
10
18
20
21
19
16
9
8
12
20
25
26
27
25
18
10
2
-2
6
9
-1
-4
9
25
27
16
0
-6
9
27
32
24
21
21
17
9
4
6
20
23
12
6
21
38
39
21
4
-3
-2
9
23
21
12
2
-2
2
5
0
-1
7
22
34
39
40
40
45
57
52
35
24
29
49
65
68
58
52
50
51
51
50
44
42
38
43
56
59
55
52
57
69
66
50
43
53
65
60
56
57
64
65
58
57
61
64
64
66
69
75
90
103
99
85
75
72
71
72
72
74
82
82
76
73
73
76
81
85
80
66
56
52
54
69
82
82
74
70
67
60
54
54
64
68
67
66
72
81
64
40
38
67
98
106
101
97
100
104
98
81
67
60
69
74
72
56
44
49
64
74
71
57
48
49
57
65
65
71
85
92
93
85
72
66
69
73
65
54
56
57
57
53
48
50
69
87
86
75
76
89
97
89
77
70
67
69
64
51
42
45
55
61
55
44
44
51
52
48
41
44
53
53
51
50
50
44
42
49
57
53
44
39
38
55
72
72
59
53
56
56
44
27
19
22
34
39
28
22
24
33
41
55
66
70
58
36
24
27
40
59
73
69
57
54
64
65
66
72
74
69
59
58
60
50
33
28
27
22
21
33
40
37
28
17
6
4
12
26
33
21
20
34
50
54
58
70
76
71
58
49
49
56
60
59
57
49
41
52
66
73
66
44
25
23
32
42
49
44
44
49
52
54
60
70
71
61
57
64
68
57
53
49
42
44
57
64
59
65
74
81
73
67
