35
33
26
25
28
29
27
20
9
6
16
38
51
40
29
28
23
24
28
23
19
35
52
56
57
50
40
51
73
81
67
53
48
49
53
55
52
53
56
55
53
43
34
27
28
44
61
67
56
45
48
56
56
39
26
27
36
27
21
25
29
25
27
32
27
33
38
41
42
43
40
36
33
39
53
57
48
32
23
28
50
64
57
48
41
48
53
60
61
51
54
68
70
60
52
52
64
74
80
73
65
56
60
65
56
44
39
39
52
70
81
83
75
65
55
67
89
93
76
54
43
42
44
52
53
51
49
51
55
61
69
68
50
29
21
13
6
2
6
23
40
43
36
35
38
41
36
19
8
20
35
32
16
12
32
56
72
73
72
59
40
28
26
24
20
22
33
40
45
52
57
55
56
61
59
57
54
40
32
37
45
50
51
44
27
16
12
17
20
11
0
-1
10
22
26
25
22
18
7
-3
1
12
22
28
35
38
37
40
42
38
21
0
1
20
37
44
51
49
48
51
51
50
44
29
28
39
55
64
65
67
65
53
42
37
37
35
37
48
55
54
43
42
44
43
38
33
34
38
42
37
24
25
40
53
55
49
42
34
28
34
52
69
67
55
52
52
50
45
44
49
51
49
44
49
51
51
49
42
36
36
41
42
38
37
36
37
43
44
33
21
28
42
60
68
69
82
85
90
104
117
118
108
90
74
73
86
101
102
96
96
99
98
90
88
92
91
74
60
64
70
86
91
81
64
59
69
84
92
89
83
82
83
69
56
59
70
60
38
20
18
29
39
48
52
50
42
38
35
38
37
37
40
37
25
17
22
34
28
20
11
11
17
23
23
17
19
22
21
22
19
10
8
20
36
40
32
23
23
36
40
40
37
29
21
10
4
17
40
41
28
19
22
36
42
44
37
20
7
10
23
37
42
33
16
8
10
5
-8
-21
-34
-37
-28
-18
-6
-3
0
6
23
48
65
60
43
24
24
37
48
60
75
77
71
59
55
65
76
85
88
89
82
66
56
67
81
80
72
67
59
49
41
37
43
59
65
57
58
68
70
67
68
67
54
44
43
42
49
66
71
69
57
48
42
49
54
53
50
48
44
41
39
42
51
59
60
53
50
44
44
50
40
24
12
5
6
13
26
36
37
36
36
40
42
44
41
36
35
36
34
37
45
44
43
43
36
26
27
40
56
64
60
65
66
61
59
58
53
41
41
51
54
48
42
48
52
50
55
56
51
50
41
41
64
80
73
60
64
69
58
48
41
37
38
49
59
59
55
54
57
60
59
57
52
49
53
56
51
51
68
82
82
70
51
34
33
38
41
34
18
19
36
59
66
52
48
50
57
67
60
49
35
24
23
28
35
32
33
34
28
25
34
51
50
38
36
54
77
83
69
61
60
56
50
45
44
33
8
12
48
67
64
45
35
24
21
38
50
43
39
44
54
49
34
19
17
26
38
40
35
20
20
38
55
52
39
36
32
24
22
35
53
44
22
18
49
103
157
156
120
139
217
283
276
186
121
92
139
295
466
584
549
432
409
485
441
216
166
457
720
700
563
402
323
342
331
412
440
329
243
128
198
496
707
700
596
421
161
-4
193
471
418
139
-36
-10
242
608
669
324
-222
-520
-471
-345
-308
-322
-312
-254
-233
-25
304
418
392
283
459
835
946
778
297
-100
-179
34
299
316
161
161
252
404
632
887
1036
1057
982
811
609
429
530
757
800
763
841
938
1025
1172
1181
1010
803
737
728
717
864
925
865
924
932
803
785
778
721
657
672
827
836
689
416
76
306
757
859
806
688
602
663
701
586
417
518
633
508
166
64
427
549
453
226
-88
-86
252
368
-25
-595
-230
317
374
230
89
89
348
450
336
199
89
131
203
147
139
268
421
361
12
-216
-185
-177
-52
60
3
-203
-315
49
323
101
-101
90
176
171
115
25
-61
44
176
103
23
105
252
262
177
-105
-136
162
236
58
-211
-346
-412
-243
181
155
-156
-409
-356
-39
290
289
60
2
82
-134
-409
-273
37
171
59
-145
-152
-28
-222
-453
-138
185
132
-49
-25
-88
-131
-161
-308
-490
-309
50
-89
-263
-120
89
-108
-710
-675
-403
-374
-702
-1026
-924
-535
-317
-285
-237
-233
-343
-489
-525
-541
-616
-820
-791
-379
-84
-3
-132
-311
-151
247
165
-193
-375
-290
-108
-41
313
636
112
-716
-561
-49
-19
-242
-473
-620
-552
-330
-109
182
315
51
-331
-440
-226
27
60
-20
-52
22
198
530
866
556
-404
-586
-157
114
131
25
-141
-102
17
37
182
441
524
481
426
385
253
20
153
440
374
274
102
-173
-282
-187
13
57
-195
-204
-83
-11
68
219
324
-9
-393
-155
164
264
-253
-874
-599
-22
162
104
7
106
104
-5
36
38
49
66
71
37
-104
-228
-137
93
214
148
50
3
-28
-28
5
-23
-62
17
98
100
80
71
66
