72
76
80
74
73
73
75
80
72
72
74
77
85
89
87
75
70
74
76
81
75
66
60
70
83
82
72
74
81
83
82
75
69
67
77
82
72
69
88
120
138
137
138
156
178
181
172
156
151
140
148
166
164
153
154
166
167
156
145
138
128
96
66
64
81
100
105
98
75
55
40
35
37
38
39
43
44
44
52
56
43
25
23
35
37
38
44
55
58
56
65
66
56
48
37
35
39
51
57
56
55
59
66
73
80
72
53
39
57
84
83
67
51
50
64
66
56
53
65
71
60
44
38
39
49
44
36
32
29
34
49
72
76
52
21
5
2
8
26
38
20
3
11
36
40
26
20
32
42
41
32
32
40
45
49
48
52
45
34
29
42
51
43
37
28
34
44
59
66
58
54
60
67
64
57
58
52
41
38
42
68
89
81
59
53
59
64
65
72
89
102
101
90
89
90
88
85
73
55
49
54
64
65
57
64
75
87
98
92
80
59
42
43
55
73
90
91
84
75
68
65
64
65
67
66
66
72
74
69
60
48
41
42
44
40
25
22
40
65
69
59
50
55
72
70
49
38
45
45
37
36
44
56
60
60
59
61
56
52
44
35
28
41
64
67
51
43
48
54
69
80
75
66
67
82
92
92
88
80
58
55
71
76
59
40
38
42
52
57
65
58
54
53
57
72
88
98
104
102
91
76
70
66
67
75
90
81
50
20
25
69
101
86
54
48
59
72
82
85
81
70
67
68
58
50
39
28
22
25
33
33
28
27
25
35
50
58
58
66
67
57
52
61
70
65
66
76
73
68
69
71
67
57
54
54
50
50
66
72
66
54
54
74
102
100
82
67
54
55
81
99
91
73
55
56
66
66
70
86
102
97
76
65
69
88
90
75
57
48
55
72
90
89
68
43
33
38
60
71
67
52
44
49
52
51
51
53
55
56
67
80
73
64
59
65
57
51
65
77
80
65
36
19
24
35
37
55
72
58
48
50
50
43
43
50
57
66
69
60
52
39
40
51
56
52
51
58
66
55
48
49
52
45
35
20
20
49
72
72
68
58
55
58
61
57
43
38
48
58
68
77
85
75
73
82
77
69
58
56
61
61
50
33
29
36
41
54
67
58
42
48
64
76
82
76
59
41
34
38
40
36
24
20
27
48
61
56
41
26
12
9
23
43
50
41
37
27
22
26
26
26
35
42
48
43
40
44
52
53
45
52
71
86
85
81
81
71
57
42
36
45
67
68
53
45
42
44
60
83
96
100
96
81
66
60
60
56
67
67
52
39
41
60
77
83
82
81
81
80
71
66
66
64
73
91
107
107
100
91
86
84
88
101
114
129
135
122
107
104
98
98
106
113
101
81
65
65
74
87
89
77
70
72
64
44
34
27
32
39
36
28
33
41
40
36
39
49
51
44
41
53
52
38
28
41
60
65
52
24
21
48
70
67
53
43
49
57
61
52
35
35
55
69
66
58
55
56
59
68
72
67
67
59
50
52
56
57
70
76
81
81
87
93
89
76
69
59
49
39
33
24
19
12
9
13
28
49
53
44
43
45
33
25
36
45
57
57
50
38
27
19
27
53
67
58
48
35
32
40
42
34
35
41
42
43
42
38
40
50
60
68
69
66
54
48
54
66
57
38
23
23
36
53
44
22
16
32
41
34
20
18
23
25
20
16
23
40
36
28
27
28
39
49
57
66
67
54
37
26
33
44
45
40
24
19
25
29
35
45
59
69
64
65
80
86
74
54
35
26
26
26
28
26
23
41
75
99
83
39
12
17
26
48
55
51
49
39
28
35
42
57
61
52
42
43
56
64
61
56
35
17
20
36
44
49
38
25
25
44
51
40
36
43
58
65
67
65
59
67
72
67
58
57
58
55
52
52
58
70
71
64
49
33
25
34
44
52
53
55
54
50
53
55
51
58
65
48
25
18
25
36
39
38
34
37
44
40
28
38
57
69
75
76
66
54
44
38
42
44
41
50
52
41
34
24
27
53
74
76
74
73
75
80
76
66
55
57
58
51
48
48
51
56
70
85
88
84
76
69
56
43
35
40
56
59
49
49
56
60
55
40
37
42
44
39
35
27
10
4
17
32
29
26
36
39
37
38
40
43
51
59
70
71
52
36
41
51
40
24
24
40
54
65
59
42
35
48
68
83
73
54
39
34
32
38
52
51
41
44
52
54
58
55
49
44
48
52
54
44
36
33
37
42
45
33
24
35
53
56
51
49
51
59
72
70
53
37
37
52
60
50
28
16
8
6
7
8
19
18
-4
-22
-19
9
41
49
39
33
27
23
28
42
59
58
43
33
29
33
24
10
12
27
35
32
26
