59
73
70
29
0
24
61
76
56
33
33
37
25
28
41
39
11
-2
-10
1
39
75
74
61
59
48
11
-27
-19
33
54
21
-3
28
45
33
3
-34
-34
27
60
41
27
29
32
64
99
112
115
101
73
34
17
23
33
41
43
23
9
25
28
24
39
28
10
-2
-35
-82
-71
9
40
11
-26
-34
10
44
74
82
54
25
33
28
5
-27
10
42
0
-21
-20
-3
38
66
57
28
6
5
26
49
38
16
17
35
56
60
40
40
64
72
61
58
77
84
60
43
56
66
66
86
83
54
50
49
68
109
106
70
55
83
103
74
45
21
23
36
22
20
58
99
89
38
-1
6
34
38
27
49
74
89
90
83
70
69
100
123
99
59
60
80
64
50
50
38
54
76
37
-7
20
41
16
-2
-4
21
74
108
121
100
50
25
58
83
88
91
69
53
57
60
76
91
83
45
12
51
87
57
9
-12
3
50
64
36
19
38
55
40
24
24
16
26
42
38
21
-5
-12
-8
-10
-5
1
28
82
88
82
88
100
117
105
65
29
35
75
101
76
40
38
50
56
73
92
117
116
85
60
58
59
56
41
19
12
19
24
34
34
34
39
43
51
71
74
37
-2
-6
23
66
77
55
36
44
65
68
66
58
60
71
73
51
35
53
80
85
73
59
55
54
52
32
20
36
28
21
21
27
38
44
48
52
85
113
121
109
92
101
124
139
146
138
132
125
140
146
117
89
84
89
105
128
131
112
85
65
65
100
133
128
107
82
68
64
60
49
23
11
22
34
34
17
5
4
21
45
52
43
37
35
24
2
-12
0
25
37
20
5
1
0
5
11
9
4
-5
-20
-17
6
25
12
-21
-29
-1
28
38
28
18
23
24
9
-4
-9
0
10
18
17
4
-4
-3
7
23
39
41
27
3
-11
-6
12
24
25
7
3
24
42
32
-2
-13
7
32
28
9
0
6
9
16
18
11
-3
6
34
38
20
1
-6
10
34
39
33
18
1
0
13
38
40
27
12
6
16
12
9
16
19
11
20
35
27
13
12
6
2
9
33
44
39
27
25
34
33
20
11
28
51
65
60
67
72
67
59
44
36
44
64
66
59
66
82
87
75
60
53
57
54
55
71
72
56
44
50
60
84
86
74
71
77
80
61
41
27
48
75
87
75
59
60
59
53
44
50
60
68
76
77
69
60
61
70
80
83
82
66
44
51
74
87
83
59
42
39
48
76
88
70
50
45
55
60
65
67
60
51
51
60
77
87
82
83
86
73
58
50
49
51
53
54
50
39
36
39
43
54
55
43
37
45
55
55
43
32
12
-4
-2
9
25
38
37
23
18
22
32
38
48
55
48
25
33
54
50
27
18
19
29
41
53
66
58
44
41
50
57
60
65
51
35
38
48
39
21
33
69
82
64
49
48
53
64
65
70
80
76
67
64
64
59
54
49
52
49
34
35
44
50
44
54
75
87
73
48
36
44
54
44
44
60
65
55
45
49
55
44
20
-9
-13
9
35
41
36
34
36
38
39
33
27
35
35
28
22
20
20
12
2
10
42
69
59
40
37
58
83
74
58
60
68
64
51
39
49
68
74
73
82
80
74
72
74
83
68
53
45
44
55
66
77
85
76
66
59
65
82
85
71
54
50
61
69
67
73
90
98
91
77
59
55
68
70
56
40
34
44
56
61
72
83
80
66
60
54
51
59
74
71
65
64
72
73
64
49
49
69
72
44
27
36
43
37
23
16
23
34
33
24
18
19
35
42
35
33
34
21
9
12
19
17
19
18
19
25
28
32
35
32
22
20
24
43
56
57
60
60
48
40
43
53
55
51
51
48
36
27
34
41
44
54
64
68
64
54
53
49
43
49
72
89
83
56
32
22
36
40
49
56
52
48
38
35
40
52
51
37
22
35
51
54
40
34
43
56
51
32
27
42
41
35
39
54
45
17
0
21
44
45
35
34
38
37
33
26
19
33
56
70
82
73
40
11
7
35
69
86
80
49
40
64
72
60
56
56
59
67
75
99
99
74
64
85
108
89
32
-9
-8
1
-2
-9
-3
-7
-38
-56
-25
4
7
3
-8
-19
-2
21
26
10
-1
4
20
20
23
38
45
43
35
37
49
57
57
41
24
27
51
65
54
34
26
43
58
64
57
55
64
59
35
9
11
28
40
38
34
40
51
38
8
0
24
50
55
55
48
40
48
52
49
41
52
67
66
53
40
23
26
67
100
82
37
18
39
64
68
66
58
68
71
55
43
57
74
85
73
51
35
25
19
21
35
45
41
50
64
57
40
40
44
43
48
55
67
65
35
17
32
53
58
52
42
33
9
-3
-3
18
40
51
50
51
65
65
42
24
33
49
45
34
33
38
25
21
39
48
36
24
