64
42
67
99
97
100
85
69
48
52
56
71
73
53
56
100
120
107
98
98
103
117
117
89
56
33
38
54
57
48
43
42
37
40
51
61
66
53
43
45
33
21
21
35
50
44
18
32
77
96
72
42
29
23
25
40
55
52
39
49
73
91
96
92
108
119
106
91
91
101
113
118
105
92
104
114
114
105
89
88
97
103
107
92
82
100
114
104
91
80
70
67
75
85
73
48
51
82
92
76
61
59
58
68
55
32
27
44
53
38
24
35
50
51
37
26
24
22
10
8
16
2
-3
12
27
25
25
24
20
16
10
17
28
34
32
34
36
42
50
34
11
9
24
39
48
56
69
82
73
43
35
51
60
60
64
68
72
80
81
81
85
84
74
70
72
77
67
44
38
38
21
12
28
42
41
33
34
36
40
41
33
23
25
40
50
44
40
43
50
48
28
12
10
20
27
28
35
39
40
40
34
34
44
45
27
27
65
98
93
70
56
59
72
84
77
60
42
34
41
48
51
44
24
11
18
24
21
12
7
10
25
39
38
27
20
19
27
38
39
38
43
50
52
50
38
28
28
36
48
44
38
40
57
69
49
16
7
28
53
53
35
7
0
12
28
38
50
54
43
35
43
55
55
49
36
25
33
36
34
32
34
38
38
32
32
53
66
67
66
54
50
61
76
75
71
72
72
60
59
74
85
76
66
64
68
67
55
51
60
70
70
70
74
73
54
34
26
28
21
26
36
34
12
-6
8
49
58
43
34
37
49
56
55
54
57
49
26
16
10
18
21
16
7
8
13
20
32
39
41
37
23
19
20
17
22
56
90
85
56
39
44
58
67
60
43
34
36
38
36
36
43
50
53
57
50
34
28
38
36
19
8
13
26
36
34
19
5
2
12
33
43
43
41
51
64
69
66
53
36
28
34
49
60
60
53
44
34
28
34
34
37
42
54
59
39
8
1
7
25
35
25
8
2
9
24
25
16
5
8
17
27
39
38
34
36
42
36
20
4
1
2
6
7
6
10
24
48
58
54
42
27
25
41
49
44
38
43
66
83
81
55
40
55
67
58
49
41
39
42
53
58
50
40
45
51
44
40
43
51
50
42
36
38
51
57
50
34
25
37
54
71
71
68
61
59
66
70
61
54
51
51
55
55
53
54
54
48
43
67
93
100
91
82
69
68
77
88
80
53
37
40
43
39
37
48
56
55
45
36
32
40
55
51
44
43
37
29
25
36
50
52
43
41
41
24
1
-6
6
21
22
19
16
22
25
20
19
21
27
26
19
22
38
55
58
56
54
64
81
87
82
69
65
59
58
59
56
48
37
32
28
25
23
26
28
35
34
36
45
61
60
51
50
55
57
57
55
52
56
69
71
67
58
61
70
68
58
50
41
36
34
37
39
39
37
40
43
41
38
41
55
66
65
59
54
51
51
45
28
16
21
42
49
38
37
56
71
70
56
52
50
50
55
56
52
49
48
44
42
44
54
67
71
74
74
60
54
59
65
58
48
41
40
49
61
72
67
64
68
70
70
68
61
59
60
69
80
84
89
97
98
90
84
85
91
87
73
68
70
72
69
68
66
56
55
67
76
73
57
49
45
49
57
72
84
81
73
71
59
40
36
50
58
54
37
22
20
17
12
18
26
33
26
24
22
19
19
18
20
21
21
27
34
27
22
17
10
9
28
52
55
41
21
6
3
10
19
9
-3
-11
-18
-19
-8
3
12
11
0
-12
-6
12
20
12
6
16
36
45
42
34
32
36
28
21
21
16
11
22
39
49
37
26
33
48
50
35
26
36
41
36
33
26
27
45
67
65
54
45
39
35
35
43
44
34
24
42
72
71
54
54
77
97
93
81
69
67
71
70
69
68
55
41
44
57
72
69
55
51
55
59
56
43
38
59
89
83
57
52
59
70
67
58
57
57
64
72
80
75
68
55
44
38
50
68
71
57
48
41
40
51
60
59
52
53
69
76
57
40
35
27
28
41
52
60
65
58
54
53
56
70
74
67
72
74
70
54
35
28
43
65
70
55
35
32
43
56
54
37
21
8
13
33
53
76
86
80
80
76
70
61
60
60
49
33
25
34
38
44
56
59
66
68
60
50
36
25
32
48
49
36
26
28
36
44
54
55
59
65
65
64
65
55
44
43
52
64
67
60
58
57
66
81
86
83
76
73
71
65
56
51
55
60
56
51
49
53
74
88
84
71
61
67
64
50
52
67
68
54
35
28
39
60
76
75
70
68
48
23
21
39
54
53
38
13
8
23
33
41
42
48
65
68
59
51
40
38
49
57
57
56
67
69
57
42
29
26
39
56
51
18
-8
0
34
56
58
49
37
