39
59
53
35
29
35
50
41
23
20
26
22
35
64
60
39
23
11
11
25
12
2
16
28
26
33
64
86
67
41
42
52
48
54
69
51
23
24
53
69
58
52
56
65
68
76
83
83
74
55
60
83
72
48
38
60
81
69
52
41
67
89
69
38
44
51
37
39
59
65
54
42
33
26
37
51
68
74
67
42
29
42
64
72
74
72
73
84
84
75
73
92
104
88
59
50
51
51
64
75
91
86
51
26
42
68
82
81
87
101
82
50
38
60
82
67
36
26
43
60
64
56
54
50
56
67
66
52
49
40
24
10
11
38
55
34
11
27
61
71
64
50
48
44
36
26
29
52
65
41
12
17
42
61
69
68
58
69
86
98
90
82
83
75
60
64
89
101
91
86
88
85
72
52
41
49
50
43
44
38
40
57
53
37
33
33
28
19
12
18
38
60
64
48
48
58
60
50
21
5
9
34
54
69
67
56
38
11
1
17
25
43
71
81
73
53
23
24
48
56
58
61
56
41
35
41
58
76
73
57
42
39
40
38
41
55
58
50
42
54
67
61
42
37
52
55
56
52
44
37
24
25
28
20
19
27
34
26
5
-10
7
42
53
36
23
33
37
37
43
58
44
16
-2
-20
-29
-10
27
65
69
48
35
49
68
69
65
61
70
70
67
67
65
75
87
81
64
44
43
56
65
72
86
92
91
60
42
55
69
70
61
44
48
59
59
70
86
81
52
19
13
41
56
34
7
2
22
55
66
61
38
10
12
34
48
67
75
59
39
33
57
74
44
6
4
9
27
51
54
36
25
44
55
56
52
43
25
-10
-36
-1
55
77
51
34
51
54
27
5
3
17
8
-11
8
53
65
66
76
100
89
32
-26
-27
19
54
44
21
-3
-2
21
42
43
6
-18
-7
13
21
13
19
32
25
10
11
1
-12
-12
9
27
21
17
34
41
0
0
64
112
115
72
23
6
44
104
128
96
67
49
22
16
20
18
27
38
44
58
67
56
48
74
101
102
85
54
26
10
-14
-41
-17
23
4
-55
-44
-10
1
6
10
-17
-26
4
7
-34
-44
-40
-71
-76
-24
11
34
26
0
-35
-50
-2
57
56
12
-28
-49
-35
11
38
32
16
5
-6
6
33
75
103
82
43
45
83
88
64
64
75
76
73
68
52
61
88
104
96
77
74
86
90
83
67
49
61
87
87
80
89
101
106
99
83
85
103
116
107
90
75
86
113
119
104
76
56
58
80
109
138
151
135
105
98
119
136
124
102
109
109
57
38
82
98
82
66
61
81
92
83
68
59
43
25
6
-13
9
58
70
38
19
35
56
71
76
82
73
43
32
53
72
55
37
43
53
53
32
16
16
40
58
73
55
28
37
48
37
34
32
32
39
48
34
18
16
19
9
-1
3
17
38
65
70
81
93
92
83
72
86
106
89
48
38
51
86
113
87
52
90
157
133
105
151
178
155
117
124
218
119
-8
-17
21
36
77
130
121
91
105
125
140
164
167
108
19
0
52
88
113
146
148
112
83
106
130
112
84
76
68
87
103
67
44
53
75
64
56
67
76
71
34
7
5
21
32
4
-36
-35
-1
8
-23
-61
-37
18
33
11
-6
-4
3
1
9
17
8
7
21
0
-27
-10
12
33
58
116
81
-6
-35
16
53
43
-5
-40
-6
33
38
9
12
39
27
-6
38
75
36
-4
-4
44
192
150
3
-27
12
33
39
27
-6
-18
56
112
66
5
-3
44
80
39
-12
-69
-99
-71
-3
48
32
1
16
48
64
61
41
21
36
83
101
75
24
6
25
43
40
24
35
41
35
41
53
60
60
57
42
43
54
49
49
69
76
58
49
40
55
58
64
60
55
39
13
8
-6
0
37
57
49
23
13
22
35
53
49
11
-9
28
66
48
32
34
38
44
67
88
82
68
76
99
98
85
76
91
134
157
149
148
149
148
163
168
153
153
171
177
170
160
139
122
105
91
80
99
131
119
84
55
34
48
82
84
44
4
-2
27
64
54
22
0
6
44
65
59
57
36
7
-6
8
40
36
11
-4
8
42
54
58
57
34
-10
-41
-26
7
18
10
-9
-25
-18
-21
-19
8
21
24
19
11
3
-11
-7
35
75
69
54
51
49
25
22
41
51
39
10
-11
-9
6
13
-2
-4
5
9
23
43
54
33
-17
-49
-25
8
8
-6
-11
-18
-21
-18
-21
-24
-21
-6
-8
-24
-21
-1
3
-4
1
3
-5
-8
-6
-3
-8
-35
-53
-44
-21
-8
-12
-25
-25
-13
-4
-4
-6
2
8
6
-4
-14
-13
-1
24
50
45
29
24
41
55
54
53
48
39
42
48
39
34
42
80
105
97
74
70
80
96
98
73
56
84
113
105
81
65
50
40
57
86
105
105
83
57
66
74
75
73
85
103
100
88
75
65
59
61
73
83
80
83
77
