27
39
64
84
74
51
38
41
51
42
28
24
20
25
36
43
53
51
40
48
86
146
149
112
92
101
112
91
85
121
164
195
214
236
235
236
257
273
289
311
320
281
243
243
266
277
281
285
278
267
243
208
192
186
192
192
182
182
192
186
178
173
160
136
112
75
41
40
60
61
19
-28
-36
-10
-2
-21
-54
-74
-70
-59
-58
-59
-67
-78
-97
-117
-116
-97
-82
-83
-98
-121
-138
-149
-156
-168
-167
-154
-135
-125
-120
-118
-115
-114
-106
-104
-117
-131
-136
-130
-102
-86
-100
-120
-121
-103
-84
-74
-98
-113
-98
-81
-73
-74
-75
-72
-69
-71
-83
-91
-88
-75
-67
-54
-50
-61
-60
-22
18
21
-9
-30
-26
-14
-10
-5
-3
-8
-11
-9
5
18
24
26
22
33
43
49
40
29
43
65
64
56
60
59
64
70
69
65
64
67
67
70
73
76
77
67
67
66
57
60
74
82
69
42
36
48
58
60
59
68
76
82
77
71
67
68
67
56
68
70
56
57
61
42
17
4
17
23
23
35
41
23
20
52
72
64
50
39
35
41
45
51
53
40
37
53
73
86
86
77
68
70
74
71
55
43
55
91
112
106
98
89
96
99
98
96
87
73
66
72
83
90
86
77
70
77
83
74
65
57
53
44
44
53
64
72
84
91
98
89
87
104
114
92
69
74
88
92
98
90
83
87
100
102
82
53
51
73
89
85
80
75
80
83
81
84
65
38
35
52
52
41
37
56
82
77
65
56
54
55
43
21
11
18
32
43
39
37
33
20
23
36
39
33
33
23
27
52
50
36
28
12
8
19
36
55
71
65
52
38
33
39
44
51
40
24
34
51
53
51
67
83
70
52
42
55
66
42
21
26
56
89
84
50
18
26
53
74
56
21
24
45
67
73
66
69
73
72
72
76
76
83
102
115
112
88
71
64
68
99
107
83
60
59
71
60
45
44
41
34
43
59
59
48
25
10
11
32
53
57
43
23
4
2
9
19
41
66
68
45
13
-1
7
24
38
51
41
22
9
37
75
75
56
55
61
67
64
55
36
20
29
59
68
48
37
37
34
27
40
66
64
53
51
56
67
72
73
81
87
96
86
59
57
83
87
81
73
57
48
45
42
40
53
67
65
52
49
54
66
53
35
34
40
55
72
66
35
21
51
58
27
11
7
5
8
5
-3
-1
3
4
10
36
43
34
35
34
26
24
34
45
54
43
23
32
57
66
53
42
51
69
88
91
71
60
71
84
82
66
58
69
86
86
53
27
39
67
81
66
54
66
81
82
74
67
48
36
38
40
38
33
26
33
51
72
77
66
49
44
50
53
66
73
73
70
59
56
59
58
54
58
68
64
55
55
58
64
71
80
80
67
56
48
39
57
76
74
76
85
83
70
56
49
52
54
42
33
41
54
56
49
38
32
36
52
70
76
70
59
65
70
58
43
42
49
49
40
44
51
51
41
28
23
25
25
12
4
9
22
37
36
34
37
45
52
52
38
36
39
48
48
43
43
50
48
34
7
2
23
43
51
49
53
59
54
37
36
48
53
35
17
11
27
41
35
22
37
55
54
42
28
28
40
49
40
32
27
21
12
21
25
24
35
34
32
32
39
43
38
28
25
28
29
23
20
27
38
45
56
56
44
34
42
68
69
49
38
33
25
34
41
49
57
59
48
28
10
-2
-2
16
36
40
27
12
6
-2
-5
-3
5
28
45
41
36
35
42
40
35
37
44
36
20
10
16
16
18
37
60
69
55
35
20
24
29
21
5
-5
-14
4
51
64
42
27
32
37
48
53
42
26
20
24
42
53
49
44
49
50
50
48
53
58
57
65
65
57
58
65
72
80
67
41
33
34
29
39
60
72
75
77
74
67
54
49
35
20
24
42
54
59
58
50
35
32
53
68
51
33
44
54
42
27
24
27
27
33
38
44
48
52
64
71
73
67
55
54
75
114
131
134
135
130
123
132
151
168
162
128
85
55
54
64
75
91
96
84
75
69
64
64
70
76
73
61
50
42
40
50
59
65
50
27
12
9
12
27
39
35
19
17
29
38
37
36
27
13
2
11
9
-10
-9
20
42
42
38
34
28
24
25
28
12
-9
-10
7
28
41
40
32
22
4
-11
-19
-22
-26
-28
-34
-38
-40
-27
-6
20
36
32
32
42
41
29
28
43
56
64
71
81
77
70
65
67
68
69
74
72
69
72
69
55
56
54
38
21
4
-2
3
20
33
38
33
28
34
44
58
57
45
34
35
48
58
54
44
42
42
38
28
20
16
9
-5
-12
-8
10
36
51
43
33
25
33
45
43
26
21
34
48
50
51
52
39
24
23
41
58
55
42
44
59
66
65
68
64
54
51
50
44
37
35
28
21
21
22
27
36
50
67
60
44
45
66
