17
6
4
19
38
49
44
35
28
26
34
53
66
59
43
35
34
34
33
32
33
27
19
23
49
67
74
64
52
49
51
60
55
37
21
16
17
18
26
43
52
51
40
23
23
41
54
54
50
41
39
44
56
68
75
76
68
55
50
43
53
66
57
53
57
59
56
58
69
73
65
54
61
76
83
77
70
64
57
67
71
71
72
73
81
85
87
75
58
49
43
49
56
57
54
54
52
51
52
44
25
5
12
39
52
39
23
19
26
34
34
36
43
55
64
52
36
29
34
38
44
42
38
35
33
27
24
26
40
54
58
56
55
58
55
49
42
34
25
26
32
38
39
28
10
-1
6
21
45
64
57
43
38
37
37
36
32
23
11
1
3
12
18
22
28
29
19
8
17
26
33
38
42
41
36
21
11
20
41
53
45
36
38
41
39
35
28
29
34
29
17
12
28
38
38
32
33
38
37
26
11
6
9
13
23
29
38
43
42
25
10
5
7
16
26
38
42
44
44
55
72
72
64
53
53
59
65
68
70
71
60
49
42
44
51
53
41
26
22
37
54
64
67
67
59
60
59
52
37
32
36
52
66
69
72
75
77
76
76
85
100
101
81
72
85
100
113
119
117
104
97
98
102
102
97
74
51
44
57
69
66
45
43
54
59
60
67
74
72
61
51
44
42
38
35
38
49
50
48
44
39
36
38
45
56
64
68
72
74
80
97
107
108
101
87
70
56
60
71
67
53
50
51
37
16
19
40
53
40
20
16
24
28
26
16
7
12
35
50
43
32
18
12
25
40
41
24
10
9
22
28
39
43
48
39
26
23
43
61
53
37
38
45
34
16
8
5
10
20
26
28
24
26
32
40
49
51
49
45
44
48
48
42
41
48
50
45
48
54
58
56
48
43
45
38
27
27
22
17
20
20
12
19
36
41
41
41
36
34
35
34
26
33
45
55
64
67
55
49
40
45
64
74
75
66
48
35
35
44
64
66
51
28
24
35
43
39
34
41
53
59
56
32
5
6
17
22
17
16
24
35
34
27
22
16
11
13
21
22
12
11
26
37
40
32
25
38
51
56
51
50
61
65
45
20
20
35
43
48
43
38
35
36
42
50
56
70
71
54
43
39
32
22
10
11
19
16
9
24
44
58
61
50
35
17
-2
-7
-2
0
6
23
48
56
53
59
68
68
61
69
74
67
52
44
56
60
64
70
71
66
43
24
21
23
32
41
52
39
17
25
44
50
36
32
41
49
52
55
43
18
0
1
8
23
49
60
48
36
43
61
70
58
53
64
72
80
70
56
50
39
45
66
80
81
76
65
54
61
76
71
59
45
35
27
32
35
25
21
33
40
43
50
53
55
54
50
58
57
53
56
65
58
38
22
26
42
44
43
48
49
59
70
73
76
80
77
83
89
85
69
53
39
36
49
70
85
82
59
49
57
72
80
72
59
44
38
49
64
71
72
71
65
67
68
70
69
65
57
65
68
64
54
60
64
41
24
38
58
53
34
20
25
39
41
34
39
51
54
59
69
74
81
71
44
24
36
61
69
55
44
51
58
65
65
52
54
51
40
41
56
67
54
48
42
37
48
59
66
64
65
72
73
66
59
68
84
88
85
89
100
97
81
71
72
67
59
66
76
77
73
69
64
68
81
81
65
59
67
71
72
71
73
68
60
59
66
66
58
45
43
54
60
73
86
96
100
97
91
98
109
108
99
85
72
73
84
88
89
84
71
64
55
51
49
49
40
27
21
29
41
35
16
7
17
28
33
33
43
55
53
48
50
55
51
39
27
27
40
50
50
43
40
43
43
33
24
41
56
58
42
33
29
37
42
50
52
42
36
34
41
57
60
54
57
68
59
50
50
51
51
54
64
71
76
70
56
48
41
40
43
42
37
40
51
57
64
64
58
51
39
24
19
27
41
38
23
16
17
21
20
23
28
32
36
40
41
41
38
37
35
33
33
40
41
36
33
34
39
52
54
43
33
22
33
49
45
26
12
19
22
21
21
24
27
32
36
39
34
27
18
9
16
24
24
18
16
21
35
51
61
45
20
13
17
20
23
24
21
18
17
21
18
8
6
3
2
5
10
27
41
44
42
41
37
32
27
25
26
22
16
19
28
37
37
38
44
41
28
24
38
39
21
9
20
40
44
29
9
-1
13
32
32
28
24
23
39
54
66
70
86
104
116
115
104
100
100
93
91
92
96
74
43
36
35
44
65
83
81
59
50
54
65
60
51
37
36
39
53
59
43
32
34
36
43
45
37
36
35
35
34
27
25
27
36
44
50
52
44
38
38
49
52
37
17
11
36
50
41
39
41
48
60
69
65
55
