88
83
58
43
28
13
21
48
32
7
27
60
83
77
59
42
26
11
10
19
36
24
11
55
104
113
107
141
144
96
71
87
115
146
165
149
130
156
178
182
185
187
184
166
150
160
170
170
155
145
138
139
139
144
136
140
146
144
144
152
150
123
84
65
68
68
57
48
37
40
54
56
40
22
10
4
5
-3
-26
-38
-33
-19
-28
-53
-55
-55
-44
-42
-54
-75
-77
-82
-105
-106
-75
-49
-53
-69
-89
-108
-109
-89
-76
-60
-55
-72
-91
-98
-84
-62
-66
-72
-66
-42
-29
-37
-55
-59
-36
-9
-1
-2
-5
-10
-34
-50
-24
-2
4
-5
-7
1
16
8
-3
9
34
36
23
24
48
65
52
44
29
9
16
41
58
65
57
48
64
85
90
84
91
116
112
97
101
115
131
164
181
177
180
200
211
199
185
184
203
219
224
219
208
187
171
180
187
183
176
193
193
165
155
156
149
144
131
120
121
104
103
103
102
104
112
104
71
38
21
35
61
70
51
29
23
19
9
12
32
44
36
11
4
5
0
-5
-5
-3
6
8
-3
-20
-28
-23
-18
-26
-36
-26
-19
-39
-53
-54
-49
-44
-37
-27
-29
-38
-41
-42
-50
-58
-66
-58
-44
-34
-39
-54
-54
-54
-67
-66
-59
-56
-52
-43
-37
-36
-34
-34
-33
-28
-27
-25
-23
-5
6
0
-4
2
0
-2
7
20
12
8
6
2
-5
-20
-28
-10
25
57
65
52
56
70
82
89
91
84
76
74
75
77
80
90
99
90
68
37
32
48
60
65
59
52
43
42
50
60
58
54
50
44
40
40
41
40
40
48
45
34
29
39
45
42
38
40
44
44
43
41
39
40
43
52
39
25
24
26
34
48
58
67
69
60
61
70
61
57
65
64
56
57
57
57
71
77
70
51
39
44
56
67
69
67
73
90
103
102
89
77
81
88
82
70
73
77
67
64
73
74
69
70
73
72
65
59
64
68
65
53
55
61
70
84
86
80
75
76
75
71
67
67
69
66
60
65
69
75
75
71
69
61
55
59
66
56
49
51
64
74
86
92
84
66
58
59
70
69
60
65
72
73
73
68
55
36
28
36
44
51
41
29
36
52
56
51
39
28
25
18
10
21
27
23
21
27
36
41
42
40
49
64
67
55
37
22
25
40
54
64
73
77
85
89
91
88
73
59
56
56
64
56
40
39
51
71
76
64
41
26
32
34
36
35
36
48
49
40
36
41
53
59
54
45
44
41
40
42
51
58
48
37
36
35
40
43
41
40
44
48
50
49
50
53
58
54
44
39
42
44
44
41
38
33
26
26
28
33
36
41
42
27
5
-3
2
22
32
21
10
6
12
33
49
51
44
50
58
57
53
44
50
69
88
88
58
18
3
26
51
41
16
-3
-12
-17
-13
-2
-10
-23
-25
-38
-53
-56
-58
-51
-39
-33
-33
-28
-27
-29
-29
-23
-26
-42
-52
-50
-40
-37
-39
-39
-29
-13
-5
-8
-3
11
27
22
12
19
27
32
32
26
33
36
32
24
24
34
54
71
72
64
58
68
75
75
75
73
70
72
76
72
69
73
83
87
88
81
70
68
76
92
96
88
83
90
103
98
82
72
76
87
87
84
81
80
77
75
72
68
56
57
70
86
102
107
105
97
87
81
73
70
76
85
96
112
128
132
134
123
106
96
91
99
112
116
117
115
113
117
113
96
91
97
96
88
84
82
73
70
76
83
82
80
76
81
85
88
91
91
85
73
68
67
59
41
33
43
55
56
53
43
40
49
66
76
72
55
40
32
25
32
32
25
27
27
36
54
70
73
71
67
67
75
83
76
61
43
36
45
51
37
26
27
33
44
69
89
99
101
107
131
160
181
195
203
218
247
267
269
274
293
309
309
305
306
312
315
315
313
311
307
298
293
291
282
273
273
283
283
263
246
246
246
236
230
227
217
205
198
187
170
157
146
120
100
89
74
54
49
43
32
18
22
27
24
20
19
25
20
6
-4
-6
-17
-41
-59
-58
-54
-59
-74
-83
-81
-69
-56
-49
-54
-59
-60
-61
-66
-59
-58
-67
-70
-69
-54
-38
-33
-36
-43
-53
-59
-68
-75
-87
-89
-81
-69
-58
-53
-51
-53
-59
-66
-68
-59
-56
-57
-55
-56
-51
-36
-26
-23
-9
6
0
-33
-76
-104
-98
-90
-104
-124
-132
-131
-131
-139
-152
-166
-182
-190
-200
-231
-273
-296
-299
-281
-263
-258
-257
-258
-259
-253
-249
-251
-257
-246
-225
-196
-168
-136
-106
-90
-85
-82
-83
-77
-66
-54
-45
-33
-18
-4
-5
-13
-20
-11
7
20
24
36
49
60
73
85
90
90
92
100
99
99
96
92
96
82
70
82
98
104
101
97
96
93
90
83
75
82
103
123
132
129
134
136
131
128
121
120
121
122
118
113
116
125
136
135
123
114
106
105
105
99
90
89
92
97
97
83
68
72
81
74
69
70
75
76
80
81
70
56
54
58
74
97
101
96
87
84
82
83
82
84
87
85
