129
131
136
152
169
180
184
193
200
203
203
203
203
199
183
164
153
153
152
145
131
125
122
108
88
84
96
98
97
96
99
102
93
81
66
58
53
54
58
49
19
1
7
21
16
-7
-25
-25
-22
-24
-39
-43
-44
-52
-54
-53
-50
-62
-87
-91
-81
-89
-105
-113
-106
-90
-85
-92
-109
-117
-103
-89
-81
-73
-73
-70
-69
-70
-71
-65
-49
-35
-27
-29
-36
-27
-19
-10
-10
-14
-20
-22
-22
-14
-7
-7
-14
-20
-10
8
22
25
19
11
18
25
20
0
-11
-18
-13
-4
-8
-18
-22
-21
-5
21
48
65
66
60
59
58
59
68
84
102
106
101
97
81
70
82
102
104
96
84
71
67
58
61
75
81
76
73
68
67
70
60
39
27
32
44
55
45
19
6
28
60
57
40
27
32
54
72
68
65
82
97
86
71
65
59
64
70
68
69
83
89
82
51
5
-29
-37
-18
-7
-25
-39
-18
21
56
71
84
97
101
105
100
98
106
121
139
150
141
114
92
105
114
104
98
97
101
128
140
136
147
163
153
133
125
119
109
105
102
97
96
129
163
153
117
92
86
72
52
50
65
72
75
101
125
133
125
102
71
61
70
84
101
114
125
119
97
73
75
112
141
135
93
68
82
96
87
83
92
99
98
100
115
109
69
43
64
74
76
82
70
55
53
35
19
35
54
65
56
50
48
43
29
5
-4
3
6
-1
-6
-2
16
32
35
38
38
18
4
9
38
58
42
23
22
61
96
83
81
82
60
40
59
53
25
24
33
27
21
4
-2
34
59
41
2
-22
5
42
54
48
24
-4
-8
-8
-14
-23
-22
-12
0
18
13
-6
-9
11
23
26
20
-7
-5
26
50
50
32
19
17
16
21
20
18
16
10
7
-5
-38
-17
25
49
59
51
27
10
10
22
24
41
65
64
53
49
52
60
71
67
66
86
116
101
65
58
70
67
50
24
40
52
19
9
32
33
54
68
41
22
33
53
36
-11
-27
0
18
48
65
55
44
67
102
107
105
113
117
116
85
57
67
96
114
103
64
36
40
73
122
150
139
104
76
69
69
60
53
40
27
20
1
-19
-6
32
41
41
56
60
37
-3
-25
-5
50
69
32
0
7
23
41
67
91
100
83
61
67
105
136
130
113
105
91
81
83
91
77
64
67
69
59
76
120
140
121
83
76
96
96
68
52
59
56
32
12
36
60
45
26
37
59
68
68
59
43
22
23
70
120
136
140
137
99
66
58
68
67
40
57
88
91
81
84
112
123
112
104
75
38
27
22
26
37
67
82
69
58
57
45
48
56
43
11
6
35
51
29
12
53
99
89
53
13
16
34
36
44
60
51
35
26
36
41
18
-29
-38
-12
-12
-35
-37
-4
21
9
-7
-11
9
32
34
42
51
32
9
5
12
27
51
67
56
33
3
-11
-22
-11
4
6
11
33
34
24
22
12
-2
-5
-7
-18
-41
-58
-57
-42
-29
-36
-35
-29
-38
-34
-22
-19
-19
-9
-24
-46
-56
-29
5
18
7
-4
-7
11
23
34
43
26
6
20
36
7
-5
36
96
115
83
44
24
25
33
26
26
40
43
44
49
67
74
75
72
58
37
16
21
43
54
76
100
97
69
72
98
105
102
83
67
77
97
104
87
49
28
68
82
23
-11
7
32
53
113
165
147
104
85
90
104
116
114
71
34
55
80
52
42
57
75
85
58
42
69
115
107
60
20
18
52
74
66
49
41
50
44
32
17
6
25
54
71
53
22
17
27
21
-9
4
57
91
88
85
98
130
150
150
163
188
233
290
304
273
243
256
310
357
372
348
305
268
264
293
345
371
346
324
329
328
300
282
298
325
314
258
245
321
370
348
312
292
269
224
194
188
194
192
164
137
164
227
230
205
167
133
114
85
68
52
35
36
39
39
42
58
87
108
100
72
52
24
-3
-5
-7
-40
-29
7
-5
-49
-53
-27
-8
-27
-61
-46
-3
-7
-55
-104
-124
-118
-88
-84
-117
-147
-168
-179
-170
-177
-204
-232
-245
-247
-250
-246
-236
-235
-247
-273
-268
-227
-202
-190
-179
-170
-178
-199
-235
-234
-173
-106
-114
-157
-194
-186
-161
-136
-119
-121
-139
-149
-149
-138
-125
-130
-136
-119
-74
-28
-38
-77
-108
-106
-100
-114
-115
-90
-59
-42
-55
-69
-81
-99
-71
-4
60
67
-1
-42
-6
55
97
90
56
35
22
11
-22
-62
-11
91
123
87
43
8
-19
-21
7
28
7
-36
-66
-119
-162
-135
-91
-58
-65
-134
-226
-204
-148
-120
-164
-259
-245
-137
-135
-246
-313
-315
-333
-307
-205
-150
-156
-193
-232
-241
-225
-146
-40
-8
-78
-168
-183
-118
-19
59
55
-5
-11
37
43
20
34
52
60
68
100
120
102
88
89
85
87
121
140
122
116
107
98
87
74
76
73
72
60
40
44
67
81
106
122
89
56
72
97
99
115
133
138
120
120
150
200
227
205
156
122
112
114
122
114
103
100
92
98
106
108
112
113
119
144
149
150
163
150
