52
64
64
48
33
37
52
56
50
42
41
40
43
54
65
69
67
67
69
61
41
24
36
60
72
64
57
64
66
69
70
65
52
41
34
35
37
38
37
36
34
27
37
42
42
48
44
42
57
71
58
52
53
51
36
19
26
41
48
41
43
56
49
33
32
51
67
57
35
23
32
28
22
32
42
55
56
57
68
71
72
82
87
83
74
74
80
77
82
89
76
42
36
54
66
64
66
73
70
48
28
26
37
53
53
42
48
56
55
42
34
35
37
43
54
53
43
38
39
43
39
28
33
43
49
42
41
35
27
21
18
24
39
39
34
34
28
25
21
12
6
8
23
36
28
24
25
32
32
28
37
52
55
43
26
18
21
26
34
51
66
71
69
70
72
73
68
66
69
69
69
70
70
65
60
53
42
42
48
66
85
96
92
85
97
112
122
119
103
85
74
71
73
72
68
67
69
64
59
70
76
80
75
65
59
65
80
91
84
72
73
69
58
58
59
64
56
41
24
16
23
36
34
33
34
36
40
50
53
52
40
24
20
27
42
55
59
64
61
58
45
35
34
36
28
32
37
40
48
44
38
39
39
38
42
48
39
21
3
-14
-12
-1
2
7
26
44
44
33
33
43
58
68
59
45
36
32
38
36
21
16
33
44
37
27
36
49
55
60
55
48
44
42
43
49
53
57
55
48
42
56
80
85
74
60
54
54
51
48
50
58
65
72
88
105
113
112
105
114
133
150
152
139
117
104
117
147
162
151
134
128
119
114
102
80
66
60
50
40
42
54
50
28
19
24
33
34
34
28
21
11
6
0
0
5
4
0
3
7
7
3
-5
-5
2
12
12
6
5
-4
-12
4
24
26
13
1
-5
0
1
0
-2
-2
-4
-5
3
7
5
4
2
6
16
28
45
50
35
27
35
50
64
67
66
66
64
58
52
41
42
49
51
54
56
51
44
38
33
34
37
40
39
39
45
53
52
45
44
41
40
39
38
40
37
23
12
20
22
24
28
42
52
54
54
59
58
57
59
57
51
38
27
26
35
40
36
33
39
48
50
48
43
42
52
71
89
89
73
61
54
53
60
65
60
58
56
56
66
67
58
48
41
50
54
58
64
66
66
68
69
57
53
65
66
64
57
55
53
49
48
48
51
52
52
57
61
60
51
50
66
81
72
53
38
35
36
42
39
25
32
51
75
76
59
41
37
42
44
40
36
38
50
58
58
59
72
77
83
96
106
112
108
100
91
90
97
99
99
106
107
101
91
83
74
73
75
74
60
43
53
69
72
64
64
68
80
88
91
87
80
66
52
37
34
38
35
23
23
37
56
64
53
43
43
44
41
41
44
43
41
36
32
32
22
19
24
32
38
36
29
28
26
26
34
37
33
18
7
11
25
37
40
37
39
39
35
21
7
-3
-7
0
7
9
11
10
7
12
25
39
44
34
27
40
54
64
57
44
39
32
23
23
24
8
-4
-1
7
4
-9
-19
-7
6
1
-5
8
21
22
23
27
32
25
28
32
39
52
65
65
51
39
34
33
25
11
11
13
20
28
44
59
69
65
55
55
60
60
66
76
75
58
50
55
57
57
60
65
55
41
36
43
50
52
60
75
84
77
69
60
60
70
73
61
49
38
32
27
26
37
49
44
33
27
33
35
32
28
33
24
19
20
22
23
21
21
26
28
40
44
42
38
36
32
34
40
40
34
26
25
33
43
52
49
32
17
21
40
50
43
34
21
11
17
33
34
26
34
42
44
48
50
48
39
37
44
53
53
44
49
72
89
86
68
59
65
66
59
55
55
54
53
57
68
71
70
67
59
49
41
43
42
43
49
52
55
55
45
39
43
52
56
50
44
44
41
35
35
40
43
41
38
39
43
48
44
51
54
44
36
35
39
48
51
50
56
68
69
67
60
53
51
49
48
53
59
64
69
67
58
56
53
44
39
36
35
35
25
11
10
17
32
48
57
56
52
49
41
40
44
51
52
52
55
53
44
37
44
57
58
58
55
49
44
52
55
55
54
50
49
48
45
49
53
56
59
64
67
71
73
67
52
38
36
42
52
60
66
64
51
35
36
43
50
50
44
41
39
35
32
36
36
24
17
11
10
19
26
37
51
60
57
45
39
44
53
56
67
84
83
70
68
75
77
67
57
59
65
57
39
19
10
22
38
42
41
40
44
55
59
56
50
44
39
25
21
18
23
52
69
61
50
38
44
66
65
49
40
40
44
40
16
2
19
39
53
39
-5
-26
-11
18
48
54
57
52
42
42
50
56
59
60
43
27
23
25
18
-3
-17
-28
-37
-18
18
28
3
-26
-35
-1
35
38
24
16
8
6
7
19
25
17
17
25
37
51
43
16
