51
67
66
54
39
23
16
34
68
82
65
38
34
54
69
69
66
56
40
37
42
54
64
72
74
72
81
81
69
56
68
85
82
59
36
28
40
43
39
32
23
32
40
54
64
65
58
55
52
49
73
99
90
80
74
75
75
71
68
84
106
120
115
97
83
98
103
73
56
61
65
70
81
84
73
65
50
39
50
56
43
32
25
27
38
36
37
38
42
69
93
81
48
34
53
87
103
100
91
106
132
144
146
146
145
144
128
105
101
103
89
81
97
114
106
86
71
66
69
75
67
52
51
64
75
71
59
54
58
57
51
44
48
57
54
51
53
51
51
56
66
81
84
72
59
57
66
65
55
61
66
50
52
59
49
39
36
43
50
42
37
29
32
45
58
59
44
33
32
39
54
58
48
27
22
32
36
35
25
9
6
23
39
35
35
41
52
64
65
52
45
64
66
50
49
54
55
54
50
42
34
19
20
38
54
58
54
37
26
25
33
52
66
55
37
35
48
55
48
35
24
26
44
54
58
57
57
59
64
64
51
40
49
59
58
59
71
75
72
67
67
71
66
45
38
42
57
59
56
55
54
51
44
38
27
22
23
24
34
43
48
44
38
27
22
26
36
38
45
58
65
55
44
39
22
4
-4
4
22
48
60
51
35
24
24
25
21
20
25
35
32
29
45
59
56
45
55
61
51
32
25
36
42
35
27
28
37
50
64
74
83
72
56
48
44
49
43
35
34
37
43
49
38
19
9
12
20
33
40
33
17
-2
-11
-9
2
19
24
10
7
27
41
48
57
73
76
69
61
74
82
66
52
51
51
59
77
102
108
97
75
56
51
58
60
66
70
72
73
64
49
43
40
41
49
50
49
50
35
19
26
29
18
22
52
73
77
67
56
56
58
56
56
56
51
40
41
50
58
65
56
55
73
86
86
68
53
59
72
66
39
36
56
73
85
72
59
60
70
70
71
81
88
87
73
60
48
41
45
54
55
49
48
56
69
67
53
42
36
35
51
60
49
33
35
55
71
72
76
84
83
73
72
86
92
75
54
54
64
59
55
70
91
99
85
65
50
39
45
56
65
65
52
36
32
38
44
52
60
68
66
56
48
33
21
22
33
44
49
51
50
36
18
10
18
32
40
44
54
53
35
28
38
50
50
48
50
44
38
37
38
29
21
20
21
18
5
-9
-11
6
22
20
12
19
35
52
66
60
45
22
3
11
38
41
32
27
36
32
24
38
59
66
52
33
36
58
72
65
54
57
70
76
67
56
54
64
65
59
58
58
64
77
85
75
58
49
55
67
64
52
53
66
58
36
18
9
16
18
13
9
17
20
13
5
-4
6
37
51
51
49
39
27
26
23
1
-7
16
28
27
27
26
26
21
11
1
-7
2
17
12
1
-4
1
19
33
38
52
67
59
38
18
26
55
68
69
57
36
18
27
52
56
29
-6
-17
0
12
22
24
26
27
23
21
52
60
39
22
32
39
32
23
29
42
57
68
66
58
52
38
35
51
37
16
6
20
37
55
73
48
-1
-13
5
18
16
19
19
24
55
82
65
25
4
24
55
29
-9
-30
-30
-6
43
41
7
-7
12
67
67
8
-13
22
49
58
35
-11
-11
49
58
23
1
25
70
17
-73
-74
-17
23
37
9
-26
-11
3
27
100
203
214
105
-20
-27
112
61
-59
-12
23
-41
-103
-88
-42
-6
51
68
38
-10
-26
-9
-3
2
8
13
9
-12
9
12
42
113
86
-13
-21
67
141
106
-1
-25
11
50
76
106
84
17
0
33
36
16
25
37
60
41
26
87
162
120
67
72
71
74
89
88
54
23
12
36
60
42
45
108
141
97
38
49
97
115
138
170
148
39
-42
9
146
212
147
-5
-74
-20
112
181
85
-65
-59
58
86
36
43
26
3
2
39
97
134
60
1
-11
18
89
138
52
-69
-67
7
33
37
26
-4
-42
-4
92
117
52
4
75
87
105
150
86
28
32
56
65
72
70
97
121
109
93
113
148
166
193
182
122
82
93
82
17
52
115
73
23
25
87
92
76
37
19
11
28
89
114
-13
-73
-55
7
48
102
103
-14
-75
-1
125
115
24
-21
-40
12
91
56
23
40
28
39
81
66
26
16
0
-2
-27
-10
40
36
-5
39
82
26
-27
-53
-4
83
73
-24
-10
60
71
64
27
17
69
59
-13
-9
-10
1
40
70
25
17
32
22
26
39
57
20
-27
-5
42
68
66
60
66
45
43
98
106
70
48
27
7
44
96
70
37
5
33
89
120
88
37
-9
27
83
81
114
90
9
-26
19
74
50
22
28
48
68
76
59
27
17
35
10
3
21
32
28
-8
0
64
117
84
37
58
10
-61
-34
48
91
48
-17
-43
32
67
85
96
75
19
37
91
75
24
8
40
68
88
