52
54
51
53
51
49
44
48
53
55
54
51
39
26
20
34
53
64
67
67
58
50
43
44
45
39
32
23
21
21
17
18
27
41
52
53
49
52
64
67
56
39
37
39
40
44
57
71
83
84
66
43
36
48
65
73
70
52
33
25
27
33
28
25
24
37
44
39
23
28
44
49
34
19
10
12
20
27
37
39
35
25
26
36
44
48
50
54
56
55
52
51
55
58
53
49
45
51
55
56
45
35
33
37
41
43
39
40
50
57
57
58
58
56
43
28
19
12
19
33
42
50
53
53
50
50
52
49
48
44
42
39
39
39
41
43
43
41
49
56
43
35
25
28
40
45
38
24
21
22
34
53
67
71
69
69
67
60
53
54
59
64
55
42
36
41
57
65
60
50
40
33
32
39
51
56
44
29
32
38
29
11
11
29
42
55
60
57
54
58
70
84
91
89
83
72
69
72
81
87
86
86
85
85
83
88
99
93
84
74
73
76
75
75
82
90
84
72
70
68
64
65
69
73
77
80
69
64
72
91
101
99
92
89
82
75
89
100
99
82
67
59
59
60
64
66
72
77
76
80
88
84
67
54
55
67
73
66
57
52
49
60
73
73
68
51
41
50
54
57
53
42
40
51
57
58
64
64
60
59
57
55
53
57
56
49
50
56
57
50
38
36
37
49
57
53
45
42
45
55
55
48
40
36
33
38
42
35
22
24
27
23
20
18
9
2
1
9
29
51
65
71
61
55
48
49
59
64
55
45
40
42
43
38
29
34
36
32
39
53
57
49
45
58
82
102
104
104
105
98
73
44
49
74
102
119
100
56
38
60
115
149
139
118
104
106
134
168
196
203
200
205
227
244
224
171
133
155
212
245
240
216
192
177
180
177
179
194
212
258
324
354
347
362
402
429
441
448
439
412
373
332
312
321
329
307
278
263
277
293
283
235
182
171
196
201
170
129
108
119
116
90
58
37
36
40
55
77
85
54
8
-23
-37
-33
-37
-60
-84
-99
-115
-120
-87
-57
-46
-38
-34
-45
-71
-93
-119
-145
-163
-172
-148
-122
-133
-162
-182
-174
-154
-145
-146
-156
-177
-189
-195
-186
-189
-200
-199
-199
-196
-186
-163
-137
-129
-138
-150
-140
-121
-99
-84
-90
-94
-84
-78
-62
-34
-29
-53
-56
-45
-26
-6
3
-11
-11
1
2
2
5
4
-3
-12
-9
-2
-8
-24
-34
-26
-33
-43
-25
3
18
11
0
-1
11
19
20
12
19
34
32
23
23
28
21
-3
-21
-17
-12
-37
-62
-46
-13
-18
-39
-45
-38
-22
-8
0
-2
-19
-37
-51
-53
-28
6
27
26
11
-10
-6
21
38
26
7
-7
-22
-37
-50
-60
-56
-40
-21
-3
1
4
7
21
41
34
21
18
16
3
-11
-29
-37
-34
-30
-34
-27
-19
-14
-23
-41
-65
-68
-56
-37
-20
-20
-42
-61
-54
-27
-12
-8
2
1
-13
-37
-52
-53
-38
-17
-11
-27
-28
-22
-33
-46
-44
-34
-26
-29
-37
-42
-52
-60
-51
-39
-41
-67
-85
-71
-55
-55
-59
-59
-67
-81
-83
-81
-75
-67
-53
-52
-55
-44
-27
-18
-1
45
118
161
173
179
178
168
161
148
132
119
92
53
24
4
-9
-4
21
40
24
0
-13
-35
-41
-29
-18
-3
9
16
17
20
28
39
43
36
22
18
23
21
26
51
70
60
45
48
59
70
70
61
66
80
73
50
34
49
71
80
70
64
59
67
76
66
44
35
50
80
92
82
76
86
92
100
109
136
155
156
148
146
149
147
129
105
97
105
122
144
153
139
131
128
118
114
112
101
96
101
112
118
116
101
93
100
113
121
120
118
119
113
103
98
103
115
114
105
105
102
103
115
129
140
149
135
105
86
88
89
84
75
73
74
75
80
73
52
18
-24
-60
-83
-85
-90
-92
-92
-97
-97
-88
-86
-73
-59
-55
-59
-66
-58
-44
-33
-14
3
19
25
36
48
50
54
61
66
68
80
88
92
93
88
80
74
75
84
99
116
122
115
112
117
122
121
116
113
113
108
99
84
71
60
60
74
81
82
84
86
80
80
85
97
113
108
98
100
99
85
71
69
77
77
70
69
72
72
66
60
58
56
48
38
37
38
37
37
34
36
44
53
48
37
35
34
34
32
29
32
27
26
36
50
39
23
19
22
40
48
40
29
34
41
43
49
57
56
49
38
36
38
42
41
34
32
33
28
22
18
23
38
48
49
45
42
50
58
58
53
56
56
49
44
58
75
90
100
109
122
130
136
138
130
122
123
135
138
119
116
124
121
114
114
122
136
140
138
133
128
119
105
101
112
122
119
104
96
89
84
85
96
103
106
101
91
89
91
85
80
83
91
98
98
97
92
82
65
54
60
76
85
76
72
67
66
71
73
71
68
56
40
32
32
40
51
54
43
21
9
24
43
37
23
21
33
44
43
29
24
22
24
23
21
25
35
45
55
56
54
43
