33
50
58
64
58
49
42
40
38
42
48
50
43
38
37
35
32
39
50
50
51
59
64
49
34
28
34
38
32
27
45
55
51
44
44
50
50
40
39
50
67
68
67
80
97
91
84
90
101
103
88
69
59
68
76
73
59
36
26
39
53
58
67
74
74
61
50
54
68
70
75
88
105
113
107
98
96
105
124
133
120
102
87
76
69
66
55
33
9
-1
-1
-2
-10
-33
-53
-61
-61
-67
-76
-89
-92
-93
-104
-109
-103
-87
-73
-73
-85
-88
-77
-75
-76
-76
-81
-87
-82
-74
-73
-82
-90
-75
-52
-39
-50
-56
-49
-30
-18
-7
-3
-7
-13
-23
-33
-33
-22
-18
-18
-12
1
16
19
13
12
21
23
20
17
20
28
43
49
41
39
43
44
43
56
68
64
53
44
39
36
36
33
34
39
34
27
32
44
60
66
64
64
71
68
38
-1
-26
-40
-61
-92
-106
-103
-92
-81
-68
-58
-52
-41
-38
-41
-42
-34
-25
-22
-17
-2
9
16
13
20
32
33
32
22
8
9
32
57
76
74
55
48
53
65
77
75
59
59
76
88
89
85
81
76
73
73
86
106
119
121
122
121
123
124
119
107
118
133
123
104
107
134
148
139
120
112
115
119
112
97
92
103
119
132
128
119
115
119
119
112
103
106
116
124
128
118
103
91
97
105
103
93
90
91
91
91
99
112
115
116
107
107
129
152
160
155
136
119
121
136
149
144
123
115
117
122
131
139
149
150
148
144
139
141
149
145
125
120
122
124
118
105
103
101
104
102
98
99
98
93
91
88
85
85
84
80
68
58
56
68
81
82
66
49
49
60
58
51
39
28
25
32
33
32
35
41
43
39
35
35
37
36
26
26
35
37
33
33
37
37
34
36
51
67
71
69
64
57
56
60
65
57
56
58
52
52
56
54
51
53
57
50
34
28
32
39
50
48
37
29
37
52
52
44
49
59
64
60
64
66
59
58
51
27
9
10
26
38
35
24
22
21
11
6
10
18
24
33
34
34
35
40
40
41
49
59
60
56
56
56
51
41
42
44
49
58
60
58
55
45
36
37
45
64
71
65
69
72
69
69
68
68
56
41
37
28
28
32
33
32
33
37
43
51
61
67
59
66
80
83
67
64
68
60
60
73
68
52
38
32
17
4
4
12
22
25
16
-1
-4
8
21
26
29
38
52
68
65
43
29
34
43
44
44
44
45
55
57
52
37
36
33
22
22
37
54
55
52
50
45
44
41
42
48
44
26
6
6
29
49
55
52
50
59
61
55
43
42
65
73
65
52
56
66
65
53
42
42
35
24
35
43
33
35
52
60
39
35
55
73
66
43
32
49
58
52
52
54
50
43
45
54
68
72
55
40
52
68
56
36
33
40
54
66
61
45
32
43
68
60
39
28
41
41
34
38
40
33
26
35
42
38
24
25
27
29
28
36
44
48
44
40
43
50
48
42
25
23
34
40
48
53
48
40
36
40
35
27
42
53
53
37
19
9
17
25
24
21
27
36
39
38
35
32
29
34
32
29
37
43
55
57
51
48
49
59
59
29
10
21
37
39
45
53
52
44
51
56
51
37
18
18
34
37
27
32
40
43
57
86
72
39
36
57
69
64
43
22
7
19
51
70
67
56
37
29
44
70
57
20
16
42
66
67
53
27
12
18
35
43
39
40
55
64
41
22
20
25
51
65
56
49
39
28
26
51
71
68
69
85
93
82
65
59
59
69
88
80
37
29
43
49
44
41
32
32
58
82
66
44
55
53
45
56
74
77
74
64
51
61
66
50
43
54
50
34
27
41
50
49
43
34
27
35
48
52
40
32
23
6
5
24
38
38
36
34
43
60
70
64
42
37
50
64
56
39
28
35
43
57
66
48
35
36
44
58
57
51
64
68
57
51
49
52
56
41
34
39
39
35
32
33
32
34
38
34
39
51
52
49
44
48
51
53
56
53
57
69
70
57
52
53
56
49
40
40
55
68
68
68
70
64
53
56
72
85
88
77
58
48
40
34
33
32
25
22
18
11
11
8
17
36
49
43
36
41
53
56
56
50
51
55
58
54
50
52
55
56
55
56
44
37
35
37
43
49
48
53
66
68
54
38
37
54
72
67
33
0
1
26
49
42
20
8
17
26
28
23
22
24
32
38
38
24
11
16
27
33
23
13
10
9
12
19
34
34
36
49
54
50
36
35
44
45
33
12
4
4
5
10
25
41
45
49
53
54
55
57
60
52
40
34
33
41
53
56
42
32
27
29
42
55
64
60
49
42
37
35
49
57
51
42
37
35
38
48
57
66
68
64
51
41
38
48
53
49
33
22
40
72
85
69
45
42
43
45
52
52
52
66
76
69
56
57
61
65
70
73
67
52
