41
42
60
86
91
83
66
53
50
51
55
55
40
35
45
52
51
52
41
24
19
19
21
17
7
8
19
24
24
22
27
38
51
56
65
58
51
52
57
60
67
70
72
71
65
44
34
37
52
70
73
60
51
60
83
102
115
108
83
53
39
40
55
70
70
66
71
82
85
84
83
72
57
48
43
43
40
45
54
58
58
69
85
82
53
36
50
76
88
80
65
52
56
59
60
58
64
59
53
43
48
60
66
74
89
88
89
106
107
91
83
73
65
67
77
91
90
75
45
26
25
34
50
66
80
98
97
67
44
42
49
51
52
52
52
59
64
55
54
55
57
64
66
57
50
50
51
53
61
74
76
74
74
81
75
69
73
74
68
65
49
35
27
35
57
71
70
56
40
37
38
43
48
40
34
35
41
41
42
44
43
44
44
42
45
51
54
59
64
54
52
52
48
40
37
42
52
45
36
32
37
45
43
35
34
50
57
51
54
57
59
58
45
41
41
44
44
43
38
36
39
43
49
48
44
36
28
26
32
40
52
58
49
26
9
22
42
52
52
43
34
26
25
43
72
93
97
90
88
90
93
101
104
97
90
85
76
73
77
83
73
69
65
54
50
52
51
50
69
106
122
108
81
54
37
34
43
53
40
34
53
70
72
67
50
42
52
66
69
67
51
19
2
19
48
66
54
24
11
10
8
12
26
39
40
33
24
32
42
49
50
48
41
40
44
48
41
50
57
48
33
28
37
44
42
34
22
11
2
9
39
57
57
48
38
37
36
32
24
21
21
25
41
57
53
48
43
41
44
57
66
66
58
39
27
24
23
12
7
13
29
38
44
50
43
38
39
39
37
28
20
29
58
71
55
39
42
48
35
18
19
24
26
28
32
36
42
39
27
26
41
48
41
36
33
27
17
10
12
35
48
34
24
24
32
38
38
27
18
19
35
48
58
75
73
60
65
68
71
73
70
55
49
50
64
68
67
65
60
44
41
52
69
72
54
43
52
70
81
73
53
36
40
61
80
73
64
59
53
53
50
37
32
35
42
57
70
61
41
36
49
67
71
59
48
45
54
71
75
66
59
53
49
56
57
50
41
40
43
57
70
71
69
65
58
56
52
40
35
43
48
43
36
28
39
49
43
51
60
59
49
44
57
73
66
39
16
12
27
49
57
48
33
32
48
66
81
75
68
70
74
74
83
82
65
53
51
50
52
65
74
72
70
64
49
26
5
6
19
12
-7
-18
-17
-17
-22
-34
-37
-22
-12
-18
-19
-10
-1
4
-2
1
10
17
21
20
22
37
53
54
39
25
20
28
43
41
19
-1
-2
13
27
26
22
23
35
28
12
17
23
25
25
36
41
40
37
33
27
24
26
32
33
34
41
44
42
36
44
71
87
86
71
67
75
91
97
81
68
60
66
81
86
67
39
24
25
36
44
42
32
24
32
39
42
40
25
12
13
26
26
29
48
57
52
53
58
59
55
41
28
35
50
59
64
70
84
99
99
91
85
83
89
80
55
40
44
53
50
51
53
56
66
69
57
55
60
66
71
72
76
86
87
71
57
54
57
60
68
85
96
82
71
83
98
104
100
92
108
133
136
118
96
105
136
137
116
99
97
92
88
115
130
118
107
105
104
90
89
131
167
150
107
80
72
73
89
105
90
72
74
57
41
42
40
37
39
49
51
48
29
8
4
13
24
23
17
12
16
5
-6
-9
-11
-11
-12
-26
-49
-58
-52
-54
-71
-67
-40
-18
-11
-11
-8
-6
-12
-18
-13
-22
-49
-73
-83
-57
-21
-19
-53
-82
-76
-57
-38
-30
-28
-23
-14
-17
-26
-38
-38
-36
-29
-27
-34
-24
-12
-1
-4
-11
-11
5
12
10
3
1
12
27
36
33
32
44
51
49
43
32
11
7
25
50
40
25
35
44
54
71
93
103
98
70
37
40
67
73
60
48
39
50
73
73
55
42
32
20
39
60
66
58
49
58
77
76
74
73
65
59
59
60
72
84
72
49
35
40
49
60
76
83
76
85
92
71
50
35
27
36
51
57
56
36
1
-35
-59
-69
-71
-60
-42
-25
-23
-13
8
54
101
129
131
117
106
105
105
108
135
170
181
167
152
149
145
135
148
160
132
90
65
69
97
129
139
136
131
112
92
97
108
116
120
117
106
92
84
74
73
83
86
76
51
36
48
82
102
88
66
57
69
84
84
59
49
60
73
61
48
42
58
70
57
49
58
60
35
22
40
54
54
56
60
76
93
97
88
84
72
58
57
68
71
73
65
65
67
69
53
25
24
60
80
61
52
50
38
37
49
59
58
33
16
29
49
51
45
41
42
50
53
36
11
1
19
36
35
34
37
35
38
42
51
42
25
26
48
54
38
23
24
39
43
35
34
54
56
48
35
25
