-167
-155
-148
-136
-132
-137
-138
-137
-141
-139
-135
-134
-125
-118
-110
-105
-114
-120
-108
-98
-93
-88
-91
-102
-104
-92
-77
-73
-71
-68
-60
-57
-58
-65
-62
-58
-50
-51
-73
-82
-72
-65
-60
-65
-54
-37
-27
-23
-26
-28
-24
-20
-10
-10
-24
-34
-30
-37
-49
-53
-52
-50
-46
-42
-29
-20
-13
-21
-35
-42
-56
-56
-42
-24
-8
-6
-20
-27
-28
-26
-21
-17
-20
-19
-12
-8
-2
0
-5
-11
-12
-4
6
6
12
33
33
17
6
-1
3
9
7
0
-1
2
2
5
5
1
1
5
10
9
12
21
32
33
26
26
26
21
20
27
33
33
29
27
27
33
28
29
32
18
6
9
20
22
22
19
19
21
21
18
16
20
18
11
8
11
11
10
16
25
24
11
4
8
16
9
5
8
9
3
-4
-2
6
1
-9
-8
-6
-11
-18
-19
-18
-19
-22
-27
-24
-13
2
25
41
58
67
67
71
73
64
43
42
55
65
66
69
75
83
84
76
66
55
67
72
65
51
51
59
56
48
40
44
51
49
38
37
51
67
66
56
43
38
37
41
50
55
69
76
70
52
53
69
70
61
58
64
67
68
67
66
64
71
83
82
80
85
91
97
90
81
83
89
96
96
88
88
91
89
87
89
89
85
89
100
104
98
98
109
121
129
124
124
136
144
138
131
121
114
103
103
121
132
118
98
89
98
104
112
106
98
90
96
98
92
90
86
81
75
81
89
101
102
91
82
68
64
71
76
70
53
39
41
54
69
69
71
76
82
82
80
81
84
81
71
68
74
81
77
67
56
43
34
25
27
42
58
66
64
55
54
58
65
56
48
43
44
49
44
43
50
66
86
91
73
53
56
71
72
55
43
44
44
39
33
29
34
41
59
72
73
67
57
48
53
61
57
34
-6
-39
-34
-18
-26
-65
-99
-110
-114
-121
-138
-162
-170
-185
-211
-231
-245
-251
-253
-258
-263
-268
-269
-274
-281
-286
-280
-265
-258
-258
-252
-237
-203
-165
-140
-135
-133
-110
-84
-59
-35
-9
-3
0
9
22
19
1
-14
-10
12
27
28
25
38
61
81
88
88
89
97
107
113
108
107
122
133
133
137
144
136
125
123
130
131
132
144
151
149
148
148
147
139
135
136
147
160
156
146
137
147
157
161
161
153
139
136
138
147
144
128
117
120
115
97
85
80
76
100
136
161
167
180
200
231
260
288
312
329
333
343
368
379
380
389
403
410
400
394
410
427
418
381
358
358
358
348
338
327
309
291
281
272
250
230
203
181
164
144
130
119
97
66
49
42
38
23
1
-18
-21
-26
-40
-51
-51
-59
-74
-84
-92
-104
-115
-114
-106
-101
-89
-82
-84
-94
-115
-135
-148
-148
-136
-130
-137
-147
-154
-161
-153
-148
-138
-138
-145
-148
-149
-145
-139
-146
-152
-154
-161
-166
-165
-153
-139
-134
-131
-130
-125
-129
-135
-137
-131
-130
-135
-139
-137
-134
-132
-133
-138
-140
-146
-151
-151
-148
-148
-150
-151
-153
-153
-141
-138
-147
-155
-154
-151
-155
-156
-156
-156
-157
-164
-190
-216
-226
-218
-209
-209
-213
-219
-217
-214
-210
-204
-201
-220
-249
-266
-274
-266
-258
-259
-267
-280
-286
-284
-285
-290
-290
-293
-294
-290
-280
-275
-280
-291
-290
-278
-274
-274
-261
-243
-233
-231
-228
-221
-220
-213
-196
-180
-166
-156
-157
-165
-163
-152
-136
-121
-122
-118
-103
-85
-62
-45
-39
-36
-29
-22
-17
-12
-2
11
22
35
48
56
71
81
76
72
65
61
73
99
107
103
99
107
124
135
139
147
150
153
166
182
189
183
180
184
193
201
208
213
220
240
261
269
264
256
250
249
243
233
231
229
228
226
229
241
245
236
236
245
246
242
243
248
252
251
249
260
277
292
300
309
307
295
291
296
299
296
292
294
297
295
294
288
278
274
267
265
273
279
266
259
261
268
273
267
260
256
260
265
264
251
242
237
244
256
262
261
250
236
228
216
215
228
242
244
237
230
217
217
226
231
230
226
220
214
204
193
183
185
200
204
203
199
193
186
192
202
212
211
205
199
189
184
188
201
209
212
214
213
204
195
192
195
195
187
184
188
194
194
182
179
179
179
180
184
185
179
165
160
166
171
176
171
166
164
160
155
164
176
178
170
165
171
177
170
161
146
138
141
144
144
150
162
170
176
173
173
167
155
160
170
172
165
161
164
171
182
188
186
182
176
163
156
165
161
145
136
146
150
144
128
120
118
122
129
131
135
135
121
121
121
119
121
114
112
120
134
134
118
106
103
101
102
104
102
104
118
132
128
116
114
123
131
130
123
118
115
108
115
120
117
107
98
85
90
104
107
102
105
114
119
117
107
106
117
124
128
125
124
122
120
118
106
91
86
88
91
91
97
105
108
105
112
118
115
114
117
118
112
108
119
125
122
104
86
83
86
87
92
96
87
76
74
74
80
83
76
61
53
59
58
48
39
42
45
48
60
73
71
73
69
57
48
36
25
22
34
55
69
70
61
51
44
