51
49
42
42
40
35
35
40
48
53
50
37
27
25
21
19
17
17
33
50
49
44
45
43
43
45
36
21
12
16
25
26
25
40
55
58
52
45
49
45
41
35
36
52
55
50
49
48
45
48
50
49
41
40
41
48
50
43
37
32
32
34
33
34
42
65
70
59
55
60
65
65
58
43
33
33
33
36
49
49
36
19
8
17
26
22
8
0
-2
2
11
16
19
28
40
40
33
27
25
27
39
53
56
57
55
49
37
36
40
43
41
34
34
42
44
40
41
41
36
28
20
8
6
13
25
40
50
45
49
57
60
60
69
75
70
53
37
37
38
29
22
18
16
19
20
11
7
10
9
10
19
22
28
51
69
75
68
59
59
58
50
40
40
51
60
65
59
61
71
74
70
59
57
66
72
71
66
74
90
99
99
96
101
108
116
115
119
128
125
128
129
129
129
133
131
120
113
104
96
98
98
82
59
49
55
56
56
57
56
53
50
52
54
56
53
53
58
65
66
65
57
50
44
49
54
49
36
33
32
26
23
29
49
54
44
41
48
42
36
27
16
8
18
24
6
-2
3
13
26
34
35
24
16
17
25
28
26
23
16
13
21
19
6
-5
-6
-2
-2
-2
3
9
17
20
22
22
29
42
55
65
65
72
81
86
88
83
85
89
90
103
113
108
96
86
88
88
90
89
86
83
71
64
56
52
60
73
81
74
68
66
72
82
88
84
73
65
60
65
61
57
54
54
53
57
65
64
55
49
40
36
44
60
67
54
38
35
35
23
18
20
20
22
22
10
1
-6
-5
4
8
12
20
20
22
20
3
-8
-4
-1
-6
-4
10
11
-2
-7
-3
4
6
4
5
9
19
27
27
25
26
35
37
34
43
53
41
25
27
33
34
27
20
26
37
38
35
33
36
40
39
28
19
10
5
5
9
7
9
22
41
53
54
50
49
52
51
44
40
35
33
37
54
65
56
34
20
37
53
42
23
18
22
32
42
55
60
55
49
35
25
19
21
34
36
19
3
6
16
23
28
37
43
42
35
24
19
25
40
41
28
24
32
37
28
21
25
41
51
42
44
54
55
48
38
38
50
64
75
82
75
66
56
55
59
58
51
41
40
38
38
48
61
69
66
54
42
40
42
48
50
44
37
26
24
27
36
36
33
25
26
26
19
18
24
36
41
39
36
39
39
32
28
36
48
53
41
28
21
21
26
28
25
22
16
12
18
26
41
56
57
44
29
28
35
42
40
33
32
27
24
26
25
25
22
21
18
7
4
3
16
27
39
37
32
26
32
41
64
77
77
68
56
51
49
43
37
35
37
42
41
33
29
34
40
43
55
67
65
50
28
19
23
34
45
55
58
65
74
80
73
66
56
55
60
68
76
85
92
90
75
67
68
73
67
52
40
42
55
59
61
68
72
68
67
70
69
65
58
55
44
43
48
48
50
50
36
27
32
34
35
35
36
34
27
33
48
61
69
68
61
49
35
25
27
43
55
52
38
24
17
16
24
24
16
19
25
26
24
26
28
16
11
23
29
28
24
18
12
11
7
3
1
10
33
50
54
56
52
49
51
57
61
65
66
59
49
34
21
24
40
55
56
48
42
50
51
54
51
44
49
50
54
61
68
66
59
60
57
57
64
66
81
100
103
98
96
105
122
128
121
116
113
107
97
87
85
90
84
74
76
88
97
92
81
58
42
41
51
66
68
57
50
44
49
53
50
41
33
29
40
43
43
44
49
52
48
41
38
36
28
20
19
25
27
19
11
13
8
6
17
27
32
27
24
22
22
25
25
21
19
22
28
36
33
27
36
44
48
42
37
39
42
43
44
49
57
74
81
72
71
73
71
57
42
40
48
53
51
43
27
13
5
6
20
33
37
38
39
38
33
25
19
16
18
22
26
32
29
24
22
22
18
20
20
18
20
25
34
43
51
50
44
42
49
56
52
53
57
53
43
35
27
35
45
67
81
85
89
104
119
112
98
103
121
131
124
122
125
122
115
116
117
99
74
64
64
69
67
56
59
67
74
75
65
53
42
43
48
42
40
44
44
44
49
49
49
54
64
60
48
35
35
27
9
0
8
23
20
2
-5
0
5
8
9
7
9
11
9
3
-5
-8
-4
-4
-11
-13
-9
-4
4
9
7
3
0
3
10
23
25
10
3
12
35
52
55
44
32
28
38
35
27
33
33
21
8
3
-2
-6
-4
6
11
5
5
9
12
10
11
16
19
22
18
12
17
23
22
24
27
25
23
21
21
28
37
36
28
18
16
23
19
17
33
42
36
24
25
36
26
9
9
24
37
37
33
23
10
10
25
37
43
45
42
38
39
50
55
60
74
76
75
71
58
56
58
58
