13
50
64
48
27
41
87
104
97
104
105
81
60
69
91
117
113
61
11
10
70
133
136
75
22
27
70
100
109
90
68
71
99
124
116
82
72
85
53
9
16
49
53
41
42
42
33
21
-3
-29
8
92
125
82
23
21
49
54
60
58
23
-21
-21
6
22
20
29
74
128
146
105
42
24
56
86
82
54
38
10
3
38
75
89
99
100
103
133
155
166
166
132
70
45
69
74
54
27
17
26
49
66
68
52
39
38
38
29
7
-26
-42
-20
-17
-28
-9
21
9
-9
-19
-10
13
43
61
49
12
-8
-5
-10
-42
-56
-50
-35
-18
-7
-33
-51
-13
16
8
-1
2
1
-11
0
28
49
58
73
74
55
43
41
29
7
-4
18
35
35
28
18
32
72
87
73
68
67
66
59
57
68
76
70
54
44
35
54
97
81
9
-24
-4
37
75
83
72
64
69
97
121
132
124
113
74
50
76
124
148
147
137
107
73
51
51
76
106
120
135
145
115
83
81
100
122
122
107
98
99
102
108
132
147
112
48
21
25
33
38
42
49
57
68
64
36
23
56
102
130
119
85
51
36
53
74
74
55
39
22
-2
-18
1
45
75
67
50
56
85
118
135
122
85
49
40
51
37
27
44
72
102
128
118
84
49
36
65
125
186
180
116
50
37
65
106
147
161
133
77
10
-61
-122
-131
-74
6
69
87
86
103
133
146
149
154
147
99
35
-11
-34
-24
-2
20
35
38
23
10
16
8
-24
-38
1
44
57
67
70
68
81
89
82
67
56
43
20
2
10
39
39
20
7
7
-6
-20
-9
-1
-5
-11
-8
4
32
44
42
58
88
97
84
69
41
12
26
55
72
73
83
93
109
122
133
132
92
37
12
26
36
35
41
42
19
2
3
25
65
83
49
-12
-30
0
49
75
72
73
83
76
43
17
-2
-13
-2
-3
-34
-55
-53
-35
-6
7
-24
-73
-66
-3
49
60
66
74
75
71
75
90
117
134
139
124
80
44
51
66
60
39
24
20
24
44
71
105
116
88
66
67
57
25
3
9
28
42
50
50
53
58
52
36
24
1
-10
-4
8
4
3
22
41
39
20
20
36
32
16
12
26
53
73
84
90
115
120
104
100
100
74
40
44
98
147
145
76
11
7
28
43
58
64
67
75
59
25
5
5
10
27
40
48
34
24
36
56
73
86
88
98
115
101
54
7
-5
21
54
72
70
48
9
-10
18
84
132
113
52
10
20
66
97
91
67
32
29
57
77
64
29
24
35
48
38
22
34
55
52
16
-19
-14
19
54
75
72
49
33
58
122
162
166
153
140
135
115
91
85
100
108
92
69
52
69
105
124
120
101
85
64
29
12
24
50
65
58
40
27
22
38
86
117
113
93
54
32
26
37
64
72
53
19
3
18
32
50
70
64
23
5
32
55
58
54
52
48
18
-29
-72
-61
-5
36
36
12
-5
-17
-14
19
71
96
89
80
75
72
69
64
73
105
113
81
35
11
22
36
39
43
55
57
41
40
70
85
68
44
17
-7
0
9
18
22
19
10
10
17
1
-18
-12
-6
-11
-4
5
-1
-7
-4
1
-1
-7
-3
4
11
26
45
53
50
32
-5
-37
-50
-28
-8
-41
-82
-70
4
100
123
73
25
33
55
67
66
44
7
-11
-18
-28
-45
-66
-66
-39
-13
-29
-44
-12
26
41
50
67
80
85
97
96
75
49
33
37
38
23
20
32
50
58
50
24
1
-4
-3
-3
16
51
64
51
64
101
120
108
109
132
138
129
117
99
83
74
59
40
64
84
64
39
44
67
82
70
50
66
92
101
83
67
75
92
83
69
65
59
60
57
64
88
113
112
99
98
98
85
68
51
44
51
67
82
70
66
91
97
92
124
153
147
121
116
117
115
105
88
65
32
12
24
56
81
81
58
33
21
26
20
32
74
107
93
42
3
3
24
32
40
76
84
58
34
21
21
19
12
0
10
53
81
69
28
11
16
21
38
44
11
-13
-26
-52
-72
-59
-11
25
35
37
56
68
53
48
72
85
60
27
4
-10
-20
-25
-39
-56
-38
-23
-46
-67
-58
-40
-3
42
76
81
48
9
17
64
115
119
83
43
27
26
28
33
36
27
17
19
6
20
66
87
56
12
-3
8
20
5
-6
-8
-17
-23
-12
11
35
29
21
4
-19
-26
-28
-27
-27
-17
1
21
39
58
70
64
35
-1
-10
9
21
10
-7
-25
-28
-11
-1
3
8
16
11
-1
-21
-33
-13
2
0
16
45
70
81
85
70
23
-28
-36
-17
9
33
43
48
13
-12
2
39
57
58
57
50
27
18
24
27
39
80
98
75
50
23
-5
-25
-35
-35
-10
22
42
40
26
26
49
65
70
69
38
11
39
68
51
45
70
91
91
75
73
84
85
59
17
-13
4
53
74
72
67
77
112
134
123
104
97
92
84
71
54
41
57
85
112
112
81
48
38
