73
20
24
59
85
96
87
45
16
32
57
60
50
28
22
50
93
113
102
97
131
169
150
97
90
112
105
70
34
27
38
24
5
7
12
16
4
8
41
68
50
20
8
12
6
-10
-2
32
54
48
18
-4
3
24
52
76
83
68
51
41
52
59
68
69
64
48
51
59
56
40
49
80
99
92
81
65
28
-22
-53
-44
-19
1
-9
-81
-123
-74
5
36
16
-3
-5
16
40
21
-11
-37
-39
-17
-9
-22
-6
9
1
-3
-10
-25
-36
-27
6
52
69
50
38
68
116
153
146
113
57
11
-10
-7
21
58
64
45
32
42
76
99
83
48
19
20
25
10
7
6
12
55
107
122
99
73
65
42
32
35
35
28
19
2
-3
22
42
38
29
49
64
54
42
41
33
29
27
33
38
36
18
-13
-24
7
49
68
51
41
59
82
73
38
7
2
10
17
10
-22
-59
-62
-49
-43
-38
-20
1
13
19
0
-19
-28
-28
5
50
71
74
64
39
26
43
90
122
117
104
115
119
105
103
118
133
139
135
124
109
85
59
57
70
84
97
92
80
70
74
88
91
75
72
85
82
60
40
29
42
74
82
42
18
35
64
83
85
57
27
11
17
51
81
76
57
56
73
82
80
75
70
68
65
61
58
68
97
105
66
22
39
93
117
98
72
40
0
-13
-3
19
18
-7
-8
16
33
23
13
28
41
41
20
-11
-20
-1
27
54
61
54
49
60
75
83
72
64
67
72
73
74
87
97
70
25
20
61
99
118
120
90
54
33
55
116
146
97
17
12
82
109
70
38
51
86
115
128
116
86
68
69
74
75
72
68
59
55
66
64
37
20
42
80
89
76
72
82
80
57
52
85
123
145
135
122
113
97
88
93
96
96
92
100
112
117
115
104
112
138
138
113
82
57
65
76
72
59
58
67
75
92
108
96
70
67
69
68
50
40
70
101
92
72
56
22
-11
-2
41
81
92
82
58
39
20
-18
-46
-45
-17
26
56
38
-3
-24
-11
21
70
102
83
32
6
10
25
33
40
55
82
77
41
12
10
24
43
72
91
87
68
56
49
45
33
16
21
52
82
86
67
17
-27
-23
-2
6
13
16
18
22
19
22
24
27
33
21
3
-3
-2
-10
-33
-18
39
89
99
73
42
40
59
60
40
7
-24
-41
-51
-49
-33
-13
-25
-22
12
48
49
32
17
20
26
23
7
-17
-42
-59
-46
-9
17
-3
-19
10
55
56
27
18
17
0
-9
1
34
51
44
18
-5
-2
19
55
85
88
61
7
-10
32
90
117
100
66
51
50
26
-8
-23
-3
11
-8
-52
-61
-25
13
28
26
3
-28
-57
-68
-35
5
34
49
48
41
49
67
70
52
20
-7
-6
9
20
33
44
48
49
56
57
53
54
53
53
51
67
96
119
117
83
49
48
51
35
23
33
61
80
50
6
-7
12
56
89
96
42
-25
-28
22
74
88
60
44
55
65
65
44
1
-23
0
50
65
19
-28
-20
10
54
100
114
117
123
117
102
77
53
40
40
42
35
7
-13
-2
23
33
18
25
84
132
140
107
57
43
89
145
140
74
13
12
34
52
69
74
85
109
129
129
97
32
-5
26
81
102
77
43
24
33
55
89
116
103
64
40
45
65
72
59
38
17
-1
6
35
60
75
70
57
82
112
108
88
69
58
32
-2
-11
-9
-10
-27
-44
-37
-7
12
22
19
20
18
2
-25
-26
-3
8
10
33
69
73
54
21
-2
24
88
123
91
25
-11
-18
-25
-37
-40
-29
-1
17
22
40
60
67
68
72
80
87
86
56
8
-5
13
32
43
61
88
90
69
55
51
34
28
42
61
80
83
55
21
-7
-38
-59
-58
-34
4
42
66
82
101
122
135
138
115
75
49
28
5
-1
20
37
44
54
48
20
18
49
69
74
90
114
129
132
124
100
70
53
51
53
52
35
8
5
52
102
114
90
84
92
90
85
97
101
91
64
35
10
4
16
21
26
38
52
64
68
64
82
131
167
168
150
136
106
68
53
57
52
22
-24
-62
-62
-38
-11
1
9
34
50
42
38
50
52
28
6
-6
-7
8
42
66
49
5
-29
-19
40
88
97
71
34
16
21
53
80
82
64
32
23
55
101
115
105
84
49
-4
-11
50
114
132
108
89
92
107
112
101
85
58
24
2
4
19
26
20
20
48
88
120
121
90
60
57
74
86
86
86
73
52
40
26
17
16
20
19
25
36
45
58
71
76
72
56
50
65
75
61
35
32
53
87
114
118
89
66
82
120
133
116
101
97
75
43
21
21
24
32
40
33
3
9
51
85
92
82
68
64
64
58
41
23
11
16
34
54
68
66
60
42
25
33
55
64
45
22
19
44
59
39
23
22
33
44
55
76
89
80
66
66
75
90
91
85
66
51
49
50
48
48
36
16
10
23
25
23
9
2
20
43
41
19
5
7
