19
25
27
36
56
71
65
64
74
83
84
91
96
98
102
97
68
28
32
69
98
99
70
8
-21
-3
23
36
38
64
91
91
51
24
39
58
43
19
16
39
60
57
48
21
0
20
87
139
123
67
33
25
40
50
38
19
17
29
20
11
36
64
50
32
51
83
81
43
12
10
22
29
38
36
27
23
19
9
-10
-20
-19
-27
-26
-1
18
18
19
36
59
36
-13
-17
2
22
56
96
109
99
83
71
49
29
39
60
53
12
-30
-66
-42
36
109
123
85
40
38
59
81
83
57
3
-27
-20
0
11
25
26
13
11
20
29
36
40
26
6
-7
-21
-7
12
12
-19
-51
-52
-24
-6
-17
-17
-7
-28
-68
-68
-33
4
13
1
-17
-21
-12
-13
-24
-18
-1
-3
-20
-27
-36
-44
-25
17
54
66
52
41
45
64
61
28
-20
-59
-82
-104
-120
-92
-20
34
28
6
20
55
82
83
59
34
29
43
50
37
11
9
42
73
61
26
12
12
22
48
81
102
109
104
91
86
89
91
87
72
53
34
33
52
67
48
11
12
38
52
48
50
51
55
77
98
87
75
83
71
37
11
11
25
27
4
-7
8
21
12
13
41
54
48
40
37
43
50
58
85
117
112
81
32
-11
-28
-41
-35
-7
12
21
20
20
24
35
42
50
55
55
56
54
49
50
52
60
82
107
96
41
13
33
50
39
16
17
71
138
156
118
72
70
88
83
60
23
-23
-28
-5
-5
-23
-11
43
82
67
51
68
97
116
118
118
121
135
139
115
90
97
100
68
58
70
53
23
4
23
67
77
53
27
22
12
10
23
36
49
68
58
25
18
38
34
2
-7
11
21
11
18
49
69
73
88
96
84
56
37
17
26
68
92
74
50
56
74
72
49
27
34
60
70
40
22
40
61
75
84
86
74
53
40
41
51
60
59
50
43
40
22
-8
-24
-10
21
49
53
44
48
56
54
36
4
-12
5
0
-42
-68
-57
-25
2
1
-1
23
66
82
58
33
23
26
49
69
71
64
34
1
-7
2
17
-3
-19
0
27
53
68
56
48
67
89
77
50
35
35
35
22
7
2
5
6
5
21
38
50
55
44
22
11
27
50
54
64
76
96
97
85
75
71
67
42
1
-33
-26
-1
27
44
57
72
85
87
90
109
138
148
128
89
76
106
150
173
162
152
163
172
154
116
103
138
180
180
153
139
153
164
140
131
140
136
121
105
100
108
120
120
108
84
48
18
19
60
114
129
93
44
42
76
105
106
97
88
74
48
20
24
45
58
57
56
56
40
18
11
33
50
55
38
1
-12
5
28
34
25
32
55
70
73
69
60
51
34
16
5
16
23
-4
-28
-23
-6
-5
-18
-23
-11
7
21
27
34
32
27
34
36
34
20
-11
-36
-26
-7
-5
-17
-22
-20
-36
-83
-110
-101
-85
-74
-57
-20
38
92
113
107
113
124
133
136
128
98
71
52
57
74
66
34
5
9
37
52
32
21
48
71
69
60
56
38
28
37
55
71
54
20
-2
-17
-18
9
59
82
56
7
-27
-28
-10
4
24
43
37
3
-14
-13
-19
-25
-17
-7
-12
-21
-10
8
6
-17
-37
-26
5
37
49
38
32
32
26
27
45
56
59
66
69
68
58
42
24
24
68
123
139
97
59
70
83
72
59
52
67
70
43
5
-23
-38
-39
-26
-5
24
48
60
67
60
57
61
67
58
55
40
5
-14
-7
17
41
49
39
27
33
60
93
108
92
68
66
80
86
66
44
41
40
23
5
6
26
59
85
87
81
75
72
61
69
84
69
23
0
21
50
64
55
37
37
52
71
76
84
80
58
39
32
36
64
92
85
49
16
21
50
55
49
59
75
75
65
54
67
87
91
98
114
118
96
67
68
82
86
86
67
35
24
43
59
55
49
51
55
44
28
22
10
-6
-20
-23
-19
-8
6
38
64
66
42
35
49
54
49
43
64
91
80
40
27
36
35
42
56
44
23
24
45
65
72
66
57
36
8
9
23
12
-3
-2
28
54
59
49
42
55
60
53
25
9
26
49
40
12
9
42
70
68
67
81
86
82
73
66
49
27
13
7
-7
-24
-29
-3
50
80
66
49
65
96
103
85
44
34
60
89
89
71
43
21
20
43
75
89
70
33
17
32
53
71
76
61
36
18
21
24
32
34
33
26
11
-4
-8
-9
-27
-36
-25
-5
25
51
55
56
70
88
106
114
88
56
38
34
23
6
-6
-24
-40
-27
-4
18
44
76
100
76
53
60
96
145
168
153
113
77
74
86
97
100
91
67
23
-20
-22
23
80
88
72
80
104
119
118
108
112
112
87
54
42
68
92
103
88
67
68
89
108
97
66
55
75
103
125
132
117
105
103
91
75
80
99
113
108
83
58
53
58
70
73
66
60
48
27
19
23
28
33
38
51
60
61
57
40
33
27
33
52
70
70
45
32
48
