41
41
13
-13
1
21
9
-5
-7
4
23
53
67
41
18
10
2
-22
-40
-39
-8
24
18
2
25
64
66
41
26
19
-2
-36
-44
-33
-23
-13
9
59
96
86
60
48
76
125
148
130
92
83
88
76
34
6
24
71
101
102
82
74
77
74
75
99
130
145
137
108
67
42
48
83
122
120
75
56
60
64
67
80
109
139
146
133
122
101
55
25
42
59
48
12
-9
8
58
83
80
70
33
5
24
71
104
82
41
24
27
44
69
77
80
71
49
29
45
71
82
70
60
44
19
7
9
17
32
33
17
25
55
64
59
68
59
28
7
9
42
69
44
3
-17
-9
5
16
4
2
19
27
9
-10
-13
4
28
54
51
34
39
58
60
44
37
54
82
89
74
36
2
3
28
42
41
24
4
17
37
43
42
27
35
60
83
86
70
52
50
50
34
16
9
2
8
42
50
13
-5
21
73
107
118
113
102
105
97
82
86
112
123
102
55
37
64
96
104
87
97
123
144
124
83
56
68
114
135
115
108
128
132
118
98
73
48
37
66
98
103
100
106
124
144
156
153
129
120
124
113
92
86
93
107
99
81
83
87
80
48
22
7
4
34
65
68
61
64
84
116
138
151
156
138
106
84
58
41
27
7
-7
-11
5
27
45
65
49
38
58
93
108
89
45
20
33
76
128
161
165
134
82
50
67
119
154
144
114
109
140
184
198
180
162
153
155
146
107
65
59
54
22
-12
-40
-28
17
40
43
59
68
50
36
21
19
39
61
49
12
-14
-23
-17
-9
-23
-44
-27
13
41
20
1
11
24
22
17
17
26
28
1
-52
-81
-58
-29
-34
-56
-69
-43
-5
9
-4
-24
-36
-34
-7
23
32
16
-5
-21
-36
-55
-71
-77
-91
-105
-97
-74
-56
-37
-1
36
51
56
72
80
49
6
-23
-29
-20
-20
-29
-55
-99
-124
-90
-35
0
-5
-5
27
76
118
134
129
108
82
43
7
-10
-2
11
10
13
21
17
5
19
36
26
-3
-18
20
75
93
76
67
64
66
64
39
-7
-44
-61
-30
27
49
33
38
58
60
43
23
22
32
27
22
23
44
55
42
34
35
48
71
83
64
34
13
2
-2
-5
-12
-26
-41
-36
2
41
59
59
50
49
69
91
88
65
40
33
12
-3
21
61
84
87
87
75
43
9
11
45
71
68
51
36
27
33
42
58
80
98
89
48
25
57
97
118
106
70
51
53
72
107
122
90
51
24
24
33
45
56
53
53
73
106
132
124
89
57
57
58
34
3
-5
1
12
12
10
35
81
92
84
86
91
73
48
43
65
75
51
2
-19
-11
3
9
5
3
7
32
48
51
61
82
102
115
119
103
80
80
101
116
108
90
57
18
-8
1
25
44
50
41
34
38
56
66
59
59
64
42
23
35
53
57
59
70
84
101
112
120
128
114
91
86
90
104
118
114
83
39
13
19
43
49
40
43
57
82
113
136
118
89
92
118
123
117
100
90
100
105
87
73
87
104
105
89
59
34
26
42
64
67
48
22
12
18
26
28
18
16
25
24
11
33
65
65
42
39
48
55
64
68
83
85
65
49
59
80
85
76
60
37
11
4
23
45
56
56
53
50
44
53
69
74
72
57
41
43
69
92
86
71
73
74
69
53
44
48
43
33
19
12
36
65
71
72
85
100
106
107
104
107
116
128
148
140
102
57
49
65
64
41
36
65
91
81
40
22
44
82
101
73
32
12
16
13
11
22
48
66
65
45
23
12
18
21
24
35
28
13
8
21
34
42
39
24
5
-5
-24
-30
-4
5
-1
1
10
8
-13
-34
-29
-9
18
29
17
6
7
4
0
12
34
38
27
19
9
-1
6
12
2
-7
-3
7
7
-2
-7
-20
-35
-14
21
44
66
88
104
121
151
185
202
208
201
192
177
157
130
101
90
113
137
124
82
65
88
131
176
186
156
130
109
89
67
49
35
16
3
12
45
72
75
66
54
32
10
17
20
-2
-27
-40
-19
10
23
19
10
4
7
9
5
16
32
25
5
-4
4
6
-12
-44
-66
-52
-30
-52
-94
-109
-88
-42
-1
9
-3
-7
16
50
64
50
54
84
99
77
21
-1
24
43
32
13
20
38
50
26
-9
-12
23
52
51
23
-5
-25
-21
10
53
76
85
85
68
37
11
7
35
71
84
70
45
36
50
85
107
104
80
53
49
52
43
21
22
52
88
112
102
73
45
51
70
69
37
0
-21
-11
13
22
4
-20
-27
-12
11
38
53
57
60
59
68
88
91
84
75
56
17
-20
-21
-4
2
12
33
43
48
50
68
88
81
49
33
39
41
34
42
76
104
90
70
84
107
107
87
56
24
3
12
38
56
58
67
70
73
75
84
98
115
134
137
113
68
35
41
71
76
61
55
54
37
32
54
89
108
104
75
44
49
102
154
151
102
54
34
44
