-36
-13
7
-10
-50
-42
5
42
41
17
1
-10
-18
3
40
73
83
64
36
6
2
26
66
80
68
69
83
72
49
43
72
104
141
165
150
116
88
72
67
42
-24
-90
-97
-52
7
73
118
130
114
96
99
123
136
118
83
29
-14
-41
-38
6
72
107
117
132
146
155
181
198
188
166
140
134
132
134
132
116
82
45
16
-3
-6
40
87
98
68
37
43
72
103
133
148
144
113
75
38
11
16
36
57
68
73
71
44
17
18
40
66
97
117
109
85
77
101
113
91
64
73
123
164
162
128
85
67
76
105
99
64
43
49
44
40
26
27
73
134
162
153
119
81
80
119
151
134
84
24
7
24
39
53
57
48
34
37
48
58
67
69
72
60
41
24
22
51
75
57
32
36
55
60
51
40
27
11
16
59
101
97
81
60
38
32
38
35
4
-40
-70
-72
-56
-44
-37
-40
-49
-37
-21
-17
-28
-41
-51
-30
13
43
39
10
-5
6
24
18
-24
-53
-50
-27
-3
10
-6
-26
-17
5
23
33
19
5
17
53
102
123
115
86
76
101
121
117
100
67
18
-14
-11
5
22
33
37
36
39
45
32
2
-18
-9
1
-8
-17
9
51
73
84
89
68
35
32
56
85
82
56
44
60
74
69
55
45
51
57
49
33
29
41
60
72
81
100
96
70
60
66
59
37
7
-13
-27
-37
-38
-24
-11
-35
-62
-59
-29
-17
-23
-23
-6
18
24
17
0
-19
-13
-3
-1
-20
-42
-50
-57
-76
-93
-104
-108
-110
-121
-121
-97
-58
-27
-8
-5
-2
21
54
74
68
45
16
-19
-33
-35
-30
-19
-18
-39
-34
-7
-2
-27
-43
-22
6
34
28
8
2
16
34
40
37
26
24
29
23
-9
-35
-39
-25
-4
3
11
27
28
57
117
166
178
160
149
165
179
160
132
138
172
186
166
153
152
147
136
117
99
82
74
90
104
89
66
45
54
53
11
-29
-61
-73
-44
-9
3
-2
-25
-49
-36
-6
4
-6
-22
-28
-20
6
40
65
75
74
75
76
65
26
-7
-19
-13
-11
-13
-26
-38
-27
0
18
18
19
23
7
-23
-41
-24
12
49
58
48
35
32
50
75
74
55
26
-2
-26
-25
-12
-17
-13
-20
-19
18
67
83
67
45
51
59
57
43
23
2
-9
-19
-27
-40
-50
-37
-13
-4
2
9
-7
-49
-53
-22
12
25
8
-5
1
6
3
6
37
59
50
8
-46
-61
-6
73
123
117
75
67
93
115
102
65
37
42
58
57
67
91
103
88
54
23
-2
-13
4
42
72
70
50
42
59
84
84
66
28
-5
-27
-42
-44
-20
22
43
22
-1
12
37
36
9
-24
-54
-58
-54
-46
-23
1
-4
-13
4
26
32
27
23
10
-19
-49
-42
-18
-13
-35
-49
-19
35
61
42
12
0
3
27
39
27
8
-5
0
16
23
25
24
25
27
22
8
3
24
55
67
41
5
-2
21
59
85
82
67
67
89
125
132
113
92
82
55
43
60
70
55
42
32
27
50
70
55
33
38
69
100
132
147
131
99
80
85
87
75
59
37
11
9
69
129
109
66
57
70
73
92
117
128
119
101
92
104
120
119
89
57
38
23
9
4
-19
-45
-52
-4
58
74
53
41
51
68
89
109
120
112
90
74
67
81
107
121
114
96
71
68
71
52
21
17
57
102
106
85
70
65
85
113
124
105
74
73
102
113
87
52
26
21
32
32
9
-12
-26
-23
-20
-26
-18
5
26
49
73
90
81
56
35
20
21
28
55
86
88
50
9
1
21
56
75
56
17
-13
-3
32
51
25
3
23
59
73
55
23
-1
-19
-22
0
25
50
80
99
91
68
55
71
104
123
102
70
71
87
84
55
33
27
44
57
52
48
61
75
85
96
118
134
148
136
105
98
104
91
80
80
76
65
75
108
130
114
68
49
68
82
73
66
72
97
114
96
48
11
9
35
52
44
25
5
-5
-17
-21
17
69
98
83
48
17
4
5
18
27
38
44
19
-9
9
55
68
74
90
96
86
68
64
76
80
56
41
49
52
34
20
23
37
60
76
74
75
81
85
89
105
116
112
115
137
155
145
114
100
99
90
71
49
52
56
32
7
5
25
66
99
108
121
164
192
165
114
106
149
179
165
129
91
72
70
68
69
75
68
40
28
40
39
34
57
114
164
164
141
130
118
124
137
131
98
64
34
18
26
44
37
11
4
3
8
28
42
33
29
65
107
130
116
83
28
-18
-24
21
76
88
65
39
39
57
70
73
65
39
35
49
52
44
42
37
20
5
1
16
23
6
-8
-9
8
59
106
107
80
57
56
72
75
65
50
45
54
61
58
53
53
50
45
42
29
7
-10
-11
1
6
-21
-39
4
83
144
144
101
70
60
74
89
90
97
107
105
66
13
-2
19
56
65
48
45
53
64
89
105
99
74
66
80
84
74
64
38
26
52
80
81
60
32
8
16
41
58
70
71
66
68
