-49
-60
-34
8
18
3
9
24
25
5
-27
-28
5
40
52
32
-12
-41
-22
12
43
53
42
21
3
2
16
33
33
22
8
-8
-4
10
23
36
40
22
9
6
-2
4
13
9
16
32
44
39
22
18
29
49
40
20
-5
-34
-10
37
57
56
58
54
40
34
23
16
24
55
87
89
60
34
28
50
70
82
58
-6
-61
-65
-36
-13
-6
4
-6
-9
37
75
91
101
98
90
82
80
92
108
80
26
16
35
44
65
100
107
81
32
6
34
80
89
72
53
27
5
5
33
66
75
57
35
32
49
66
59
49
44
37
27
18
4
-5
0
24
53
75
87
97
89
54
18
19
23
6
-9
-12
21
56
48
20
26
67
98
102
82
64
74
80
52
16
-11
-8
24
27
11
7
8
19
26
35
32
19
4
-5
-3
-4
-21
-23
0
9
8
28
57
54
23
10
38
67
70
50
21
9
6
-20
-49
-38
1
28
35
27
26
25
11
24
58
82
87
56
19
18
36
41
38
38
41
44
44
49
26
5
12
39
48
40
44
58
50
12
-19
-9
21
38
34
44
41
22
19
41
83
89
61
39
43
54
51
18
-37
-60
-37
-6
-5
-18
-41
-60
-45
-37
-37
-3
54
88
77
43
22
38
72
85
60
19
13
32
32
12
1
18
56
80
67
33
2
12
70
98
82
69
58
57
53
37
18
10
34
69
85
77
80
87
84
74
84
87
56
23
40
88
131
136
123
108
120
140
131
93
54
39
37
44
59
83
99
99
76
56
55
69
69
49
44
53
58
68
65
44
54
71
73
68
57
43
28
13
12
28
41
28
4
0
23
48
40
9
0
40
98
112
93
65
35
23
29
34
36
43
35
-5
-29
-18
-4
-9
-20
-46
-67
-44
-7
21
34
28
38
61
76
69
49
22
24
56
69
48
20
3
-8
-4
24
32
8
-11
-6
18
33
18
0
18
51
50
12
-11
-12
2
7
11
20
36
53
72
88
83
58
42
41
36
25
28
45
45
38
50
73
85
84
86
96
100
102
101
77
70
98
116
107
104
107
86
53
50
73
70
50
44
40
27
33
35
32
37
44
40
37
49
58
41
22
21
37
55
72
75
59
27
-2
3
57
118
125
97
73
65
56
48
39
36
26
22
19
8
2
4
27
82
129
125
104
92
87
85
81
70
43
21
5
-21
-37
-18
25
50
45
44
45
38
24
37
69
101
124
105
81
86
86
60
53
60
59
45
26
16
23
37
41
32
25
27
34
26
7
-10
-19
-6
5
4
0
11
36
55
54
26
13
32
56
56
26
11
28
38
34
29
4
1
34
73
83
86
104
135
151
146
121
112
105
75
37
8
11
49
80
81
97
132
134
118
128
149
148
135
146
153
149
141
129
118
100
89
99
101
77
44
21
-3
-39
-62
-65
-53
-50
-54
-50
-33
-25
-22
1
29
33
-4
-45
-68
-84
-90
-71
-23
16
12
0
-11
-30
-44
-40
-23
-5
-11
-23
-19
-6
2
9
25
42
51
33
-3
-33
-41
-20
22
39
16
5
27
64
98
115
105
74
50
60
86
93
102
101
86
76
80
70
43
48
58
51
54
68
61
42
39
52
76
101
107
85
41
21
38
59
51
17
13
54
88
86
76
86
76
39
18
38
80
90
82
75
59
43
38
40
41
50
69
73
64
69
93
105
103
100
97
101
114
107
86
51
34
61
92
104
121
145
154
131
104
102
98
83
91
98
71
43
18
11
37
69
85
82
80
100
123
138
132
117
119
130
135
133
118
116
130
128
105
85
89
123
136
101
82
87
92
104
117
130
140
144
112
84
84
103
132
135
115
97
72
55
73
112
130
91
26
7
27
54
73
106
129
104
69
55
70
84
80
75
77
76
64
37
1
4
57
81
58
58
81
77
60
54
58
73
82
74
75
85
80
55
48
65
90
104
106
119
131
128
113
106
98
103
121
121
92
82
87
84
43
7
-9
-19
-13
-6
-8
-11
-10
8
32
27
55
101
96
51
16
-17
-65
-82
-44
-1
26
27
21
36
69
86
86
83
59
32
7
-4
-12
-23
-23
-11
12
20
23
45
58
54
57
72
89
99
82
70
84
88
73
57
53
53
33
9
18
52
74
67
52
59
80
73
60
81
113
120
97
76
84
86
89
108
121
108
88
84
72
59
74
102
103
81
38
3
3
53
136
194
189
136
97
103
133
138
113
83
50
10
4
32
57
59
49
42
41
58
80
80
59
34
21
24
32
44
42
28
16
1
-2
-4
-6
-10
-1
17
24
19
9
13
38
66
80
68
34
4
-34
-52
-37
-18
-42
-74
-68
-52
-46
-40
-18
-4
6
20
32
40
27
-1
-20
-34
-51
-66
-53
-4
51
73
58
39
43
61
67
51
26
-5
-7
17
42
60
56
32
35
72
107
100
65
49
54
83
100
90
80
70
66
74
81
69
48
35
