67
44
29
4
-40
-58
-9
59
85
80
91
115
121
92
51
44
77
98
73
38
8
-6
27
87
118
101
57
26
49
86
84
58
41
33
37
57
84
88
68
40
11
2
0
-5
-12
-30
-53
-43
8
83
123
128
108
89
86
98
97
77
36
-8
-29
-24
6
38
44
51
74
99
96
69
55
67
80
88
99
103
100
97
97
104
107
89
67
65
66
44
24
27
35
41
60
61
26
3
26
53
74
87
89
82
64
61
86
113
112
89
64
42
28
33
50
60
64
66
67
60
41
35
57
105
138
141
129
125
136
147
148
130
100
74
57
51
44
33
24
29
39
32
17
3
-9
-3
18
49
71
76
75
74
82
91
81
67
66
58
40
34
34
24
-3
-35
-28
10
51
59
50
38
26
24
38
67
76
54
18
-1
12
45
60
49
24
21
28
41
58
37
-7
-8
26
54
71
74
66
67
80
88
96
92
81
57
58
60
50
44
51
58
58
53
37
28
34
52
74
81
67
68
91
130
156
163
147
139
140
144
148
137
112
80
66
82
108
121
122
124
140
160
134
80
45
51
50
28
9
-4
-25
-33
-4
25
34
22
2
-14
-20
-14
-12
-6
6
18
25
33
21
-19
-58
-62
-28
8
25
18
3
20
48
55
55
64
70
54
22
9
34
54
48
25
16
24
36
24
-6
-17
-2
18
41
65
69
60
41
35
38
44
59
83
72
34
18
25
42
75
105
88
13
-30
-8
34
53
39
5
-17
20
68
59
19
3
22
52
64
56
44
35
33
21
8
24
61
81
61
37
49
84
107
101
56
20
21
34
26
26
65
101
100
85
68
65
68
65
56
39
23
29
49
61
72
88
116
121
99
72
76
93
100
89
56
18
24
56
67
50
37
39
52
64
59
67
89
107
117
117
99
84
83
64
24
16
35
57
64
77
115
133
121
97
89
108
129
120
96
81
69
77
105
131
136
135
118
96
89
93
103
76
25
18
49
80
76
64
53
57
69
59
33
20
26
38
50
52
44
44
42
28
25
25
9
4
8
4
6
26
36
12
-6
5
23
6
-23
-43
-41
-27
-23
-35
-45
-55
-39
2
52
81
80
64
67
74
66
57
65
49
4
-14
-1
13
20
25
23
9
-4
-13
-22
-25
-22
-20
0
40
73
75
45
16
21
64
98
88
48
19
19
26
28
42
55
55
57
58
55
55
65
59
44
39
58
69
57
37
24
39
64
72
73
73
96
98
81
67
52
53
81
102
103
88
76
76
87
88
64
18
-9
-10
-2
10
24
36
49
70
90
100
103
107
88
39
16
20
26
24
22
22
9
7
24
55
86
91
71
58
70
101
122
128
123
134
144
119
71
51
69
76
64
74
103
98
71
69
82
85
96
92
58
25
13
-6
-34
-37
-3
23
27
24
12
5
2
11
32
53
67
60
45
37
33
10
-11
-22
-37
-35
-24
-30
-33
-5
44
77
98
107
108
97
59
23
0
2
2
7
35
60
76
90
85
49
5
-1
16
26
36
41
48
54
59
68
68
28
-20
-17
17
51
70
61
21
-6
-5
23
57
64
48
11
-34
-68
-68
-42
1
50
69
55
36
26
37
57
75
81
64
17
-26
-51
-38
20
83
114
101
81
72
87
116
123
98
55
17
6
33
56
57
56
71
84
90
72
51
70
130
171
147
80
42
49
48
41
57
71
43
0
-19
-12
-9
-19
-55
-69
-33
11
25
6
2
35
83
112
107
88
83
84
56
26
9
-25
-57
-41
-1
12
17
42
71
81
88
98
96
96
100
92
69
37
16
-5
-7
-20
-33
-23
-5
12
34
67
97
115
112
88
71
54
34
34
58
71
52
17
9
34
54
50
18
-13
-25
-11
16
37
59
90
100
73
52
65
91
113
104
67
37
26
23
25
34
43
53
49
48
55
61
72
85
90
75
54
37
35
33
22
10
-3
12
52
86
96
64
21
21
66
112
128
116
104
112
118
130
122
99
73
49
25
22
43
59
54
51
55
59
43
26
29
42
53
69
87
85
55
42
52
60
66
74
81
65
34
1
-1
41
91
114
112
93
72
68
77
104
131
140
139
123
90
52
23
2
-17
-3
23
32
18
11
25
44
60
61
29
0
-6
-9
6
44
49
23
16
25
32
42
61
67
42
23
39
81
107
106
80
58
61
65
57
57
54
38
13
-3
1
17
23
33
44
48
45
38
19
10
28
51
80
105
98
74
65
69
58
36
28
24
28
48
56
50
50
51
29
6
9
32
33
18
10
26
44
23
-17
-34
-18
18
42
39
35
18
-1
27
83
117
129
120
97
65
54
57
66
90
146
165
135
106
97
89
85
82
82
65
28
1
-2
22
70
103
92
60
34
29
33
36
34
12
-10
-21
-3
28
52
54
51
38
28
16
4
2
6
27
40
35
24
11
6
17
43
58
59
53
