88
101
73
57
77
98
97
76
60
41
37
64
100
114
107
107
103
82
76
80
67
43
38
40
28
26
41
51
60
86
109
119
116
91
67
53
52
53
66
84
83
76
86
86
88
106
144
164
165
160
156
154
165
183
193
177
124
64
27
38
64
84
87
53
8
10
52
98
134
144
116
58
13
-2
-3
-4
-3
21
42
38
20
21
56
103
121
98
60
39
37
41
35
36
34
10
-26
-54
-40
-20
-26
-36
-21
-3
9
12
22
35
24
10
9
23
36
28
-20
-76
-91
-53
1
32
43
56
71
74
69
52
19
-24
-65
-62
-23
17
1
-59
-74
-25
22
43
37
22
18
7
-9
-20
-18
-7
-2
2
12
40
53
39
10
-8
3
44
86
97
74
52
45
49
45
40
37
44
58
69
66
58
42
32
25
26
45
72
77
39
-4
-4
34
73
87
104
120
115
98
80
55
41
28
2
-11
3
37
77
81
38
21
42
90
135
147
136
129
119
96
60
37
18
9
18
28
40
34
42
76
113
115
97
85
101
117
106
85
82
66
28
8
10
36
67
60
35
28
39
54
69
71
71
74
56
21
-9
-13
16
41
56
70
50
6
10
56
74
65
64
66
66
64
56
50
44
60
68
49
29
28
32
21
0
-19
-6
41
99
124
115
80
36
38
74
91
85
58
22
-24
-65
-59
-25
4
3
-2
33
105
155
131
82
66
84
97
86
64
51
22
-20
-34
5
58
88
75
37
32
68
106
124
113
96
91
84
69
56
58
75
92
87
59
50
60
89
104
100
87
73
59
55
58
42
-3
-11
43
121
141
104
72
56
65
103
145
129
88
71
67
53
36
38
65
83
81
68
64
69
70
77
100
128
137
119
97
89
84
71
53
38
19
18
35
51
64
76
88
105
124
104
66
55
68
68
64
66
58
43
27
6
-11
2
40
72
75
54
21
11
45
76
77
51
18
-4
1
25
49
40
2
-23
-3
43
75
71
44
6
-29
-36
6
27
21
19
19
-1
-20
-38
-54
-52
-43
-38
-17
10
23
23
22
36
59
75
74
43
8
1
11
8
-3
1
-1
-4
4
22
57
89
98
76
56
58
75
92
91
73
73
67
42
33
39
69
118
149
145
123
121
140
163
168
146
118
108
90
69
86
118
107
42
-12
-7
34
64
51
19
16
36
59
87
98
74
38
21
26
26
23
32
44
59
72
69
52
41
68
113
129
112
101
109
123
115
85
66
45
4
-35
-38
-13
10
18
8
26
68
96
99
101
88
76
93
103
83
42
18
22
33
19
0
27
64
66
73
92
102
101
101
102
87
60
52
57
29
-5
1
33
42
40
44
50
35
9
4
17
27
35
27
8
-1
18
55
72
32
-22
-7
49
76
64
25
1
2
36
83
98
65
16
1
17
33
23
-3
-22
-10
19
34
17
-6
-8
13
39
43
28
8
8
27
42
41
33
16
-3
-19
-11
33
69
88
84
48
-2
-13
38
97
102
70
26
-1
-4
-1
-17
-30
-4
23
17
-4
-2
10
26
42
52
35
7
12
52
66
44
35
48
55
48
38
34
39
41
27
2
-12
-8
-2
2
-2
4
18
38
67
88
103
90
53
43
53
48
48
54
52
43
43
55
68
75
69
50
22
8
29
74
97
75
51
55
77
92
92
89
74
24
-5
21
76
114
115
103
101
102
87
44
10
26
68
80
50
9
9
51
90
113
112
99
87
86
86
74
82
90
72
60
82
114
104
50
18
35
54
52
43
37
16
7
12
-3
-36
-61
-41
3
18
-2
-27
-26
17
60
66
40
20
25
37
53
65
73
75
60
51
66
86
90
85
80
74
66
68
96
120
99
54
48
75
90
74
48
27
24
50
80
80
74
84
97
121
146
144
124
86
42
40
76
107
119
123
117
99
88
64
35
32
33
16
3
19
44
65
67
67
66
72
91
106
101
86
74
91
117
117
106
97
60
10
3
34
59
48
17
4
17
43
70
82
81
73
70
67
52
32
33
57
76
54
4
-28
-11
22
49
59
61
60
81
96
74
54
55
55
38
34
48
64
82
88
91
96
89
83
70
53
52
53
59
89
122
152
154
131
107
98
97
92
87
67
22
-4
2
19
54
71
50
26
22
35
75
117
124
105
90
97
113
114
83
43
26
41
64
56
37
24
29
59
80
75
51
12
-3
27
76
82
56
50
60
76
91
102
84
33
-33
-60
-23
23
13
-28
-70
-97
-110
-117
-102
-92
-92
-84
-58
-57
-86
-84
-45
-10
-8
-36
-50
-35
-17
-24
-52
-60
-43
-24
-8
6
9
-2
-25
-46
-35
5
10
-24
-35
-10
-1
-7
-10
1
33
53
41
29
37
28
11
2
13
22
2
-29
-56
-42
4
25
3
-45
-82
-82
-58
-28
-6
9
4
-17
-34
-51
-71
-66
-54
-40
-19
-22
-49
-60
-58
-36
-13
-6
0
1
-5
-26
-38
-29
-13
2
19
