9
-1
11
23
33
60
96
104
102
115
128
122
104
88
92
96
76
66
64
56
44
43
59
65
39
-19
-42
-5
65
118
109
81
73
90
112
115
115
100
69
54
50
42
32
20
22
27
3
-27
-42
-39
-22
2
28
51
61
64
53
35
26
52
75
80
72
51
19
6
20
39
32
9
17
48
56
35
18
9
-3
17
76
123
140
124
106
105
137
177
201
209
200
170
120
85
91
107
100
97
116
131
124
90
41
38
85
134
139
116
91
68
48
41
50
50
16
-12
-1
18
10
-5
-9
4
12
6
7
19
32
33
12
2
3
22
44
45
34
20
41
71
60
29
20
36
36
13
-4
-22
-36
-30
-10
2
6
-1
1
26
42
53
57
38
-4
-26
3
44
66
64
60
71
75
66
55
67
69
42
19
12
11
8
3
21
27
4
-19
-8
23
50
37
17
29
67
96
97
75
58
69
90
83
38
-4
-14
11
52
44
19
4
21
55
69
57
49
53
55
58
50
44
69
91
104
112
113
104
96
97
101
99
67
22
19
37
55
68
52
27
22
37
39
23
25
49
65
64
71
74
59
35
34
42
26
-4
-18
-13
-9
-17
-37
-44
-11
29
34
17
27
48
39
16
-3
-3
11
19
22
26
16
-11
-42
-51
-36
-26
-36
-51
-76
-90
-67
-36
-34
-43
-27
3
25
28
9
-17
-36
-39
-29
4
29
40
44
40
36
28
36
39
17
-28
-77
-91
-53
2
40
45
29
18
2
-11
5
24
24
16
9
10
27
56
81
86
73
43
11
-13
-36
-56
-58
-26
10
36
39
52
75
69
8
-55
-57
11
77
85
59
36
36
51
68
91
106
87
51
25
20
26
27
49
90
124
118
85
64
52
38
19
7
-1
-5
12
50
81
93
89
67
55
70
83
75
52
33
39
32
7
21
66
98
103
97
100
102
81
56
56
45
12
-11
-9
5
7
-12
-28
-2
32
36
42
55
50
26
20
48
86
91
89
104
124
150
165
146
98
49
19
19
34
35
13
12
33
44
56
73
80
65
52
58
93
133
133
112
99
96
105
105
75
55
50
43
41
43
50
60
54
44
57
81
103
114
96
60
24
28
82
114
97
59
49
86
131
139
109
81
92
130
144
130
101
73
60
34
-4
1
53
107
134
121
103
96
98
109
109
112
121
128
115
86
64
49
64
108
132
120
101
70
52
71
102
105
82
52
38
26
23
51
72
61
64
87
113
115
89
83
88
80
55
21
-14
-26
-9
16
45
86
122
141
135
105
75
65
70
68
36
7
6
25
28
28
26
29
52
82
115
134
121
101
90
75
61
55
41
26
20
13
6
10
26
39
54
73
90
104
101
68
36
35
53
61
49
26
7
5
8
23
50
51
29
34
70
91
84
74
83
89
75
59
66
69
56
39
20
7
7
8
25
50
72
105
128
119
113
114
106
92
76
67
55
34
1
-30
-49
-41
-12
1
-12
-20
-3
23
42
52
50
26
9
5
3
0
-10
-23
-41
-54
-51
-43
-53
-59
-49
-34
-14
7
24
36
59
88
89
73
57
27
-5
-36
-38
-23
-6
2
4
10
25
39
32
-2
-26
-18
12
40
55
56
35
34
54
57
54
53
52
49
43
49
49
38
34
42
51
21
-17
-23
1
39
61
71
64
53
71
106
122
121
114
96
83
82
76
86
107
105
85
54
51
74
72
43
37
50
70
92
106
103
99
103
108
91
65
39
39
52
52
39
34
27
2
0
50
107
130
104
74
75
88
89
81
71
53
33
27
32
5
-18
-11
16
49
64
53
55
85
104
114
115
98
70
48
26
12
1
-12
-17
5
36
44
44
43
36
26
36
48
55
51
44
49
69
97
114
105
83
56
37
41
35
18
12
33
48
32
17
33
48
38
36
42
34
28
64
108
129
109
75
58
74
100
101
60
2
-29
-10
39
68
56
60
85
89
71
56
56
60
68
72
68
65
66
70
81
88
81
53
29
12
9
7
17
39
69
92
88
57
50
67
83
96
85
71
57
42
33
45
88
117
117
92
64
52
39
21
22
32
36
38
55
64
44
20
19
48
64
48
12
3
-2
-5
7
18
17
34
65
82
80
67
56
57
50
23
8
7
34
69
82
67
42
55
103
130
124
105
76
60
81
118
130
103
55
18
12
33
58
74
64
43
50
58
54
66
85
85
64
58
75
106
129
104
52
22
40
70
76
65
57
70
61
32
19
40
65
53
17
-10
-1
25
36
49
75
98
99
87
68
65
71
58
49
52
51
35
21
51
71
59
42
52
74
84
86
80
56
22
10
26
38
43
48
35
13
-6
7
57
106
121
89
50
35
48
39
18
2
-8
-5
17
34
40
36
24
49
89
98
82
64
39
4
-7
2
10
8
8
19
49
91
120
115
107
122
133
131
112
76
51
27
-1
-23
-26
-22
-27
