27
17
7
2
-3
1
18
37
37
24
10
2
3
13
26
27
19
17
52
106
128
89
42
41
57
64
56
28
-6
-24
-17
-11
-22
-28
-26
-3
10
12
40
72
88
96
76
33
-21
-46
-30
-9
-6
-29
-73
-89
-56
-10
33
54
50
32
24
33
38
51
75
81
58
9
-28
-22
17
54
96
128
112
90
112
136
130
117
120
117
91
82
73
58
42
42
76
106
98
73
70
84
83
55
17
7
33
60
67
49
28
10
26
87
132
108
53
33
60
98
104
91
86
81
57
45
55
69
81
92
89
60
60
109
147
139
128
117
116
128
125
104
71
55
49
33
19
18
19
24
34
26
35
82
128
117
55
20
38
74
92
87
74
61
67
71
71
82
88
76
51
28
51
76
61
42
51
54
57
74
92
91
87
97
96
80
66
55
36
21
17
21
26
22
22
45
58
55
64
67
59
51
44
44
54
54
40
17
19
34
52
50
29
22
25
26
35
40
42
29
17
9
23
44
41
21
17
35
37
22
12
33
55
50
17
-10
3
48
74
66
49
53
65
70
69
53
48
61
75
54
25
35
56
65
64
60
54
52
61
61
33
4
-9
-21
-36
-33
-8
9
22
41
53
40
37
39
29
27
52
69
60
39
25
29
38
33
17
17
40
86
115
107
107
123
150
169
168
162
153
134
90
48
61
112
137
137
114
59
10
-1
27
64
68
58
50
48
52
57
68
88
90
84
86
88
67
7
-33
-17
23
40
38
35
19
-7
-21
-13
-7
-18
-34
-43
-56
-71
-69
-35
0
13
23
22
4
-8
4
20
12
-17
-51
-60
-38
-6
16
12
17
32
29
4
-12
-11
-5
6
22
44
60
40
21
10
-3
-10
-2
17
28
27
10
-7
3
35
55
58
61
66
67
69
72
66
48
35
22
21
57
82
57
28
23
25
44
76
88
74
25
-29
-30
7
56
88
87
80
86
99
105
114
123
128
115
82
43
25
27
37
60
71
41
22
37
56
58
56
60
85
87
64
65
92
98
70
54
44
27
22
34
41
32
24
24
36
54
61
50
49
86
129
133
106
66
58
88
98
71
39
23
37
64
74
69
57
34
11
36
90
133
140
122
102
105
123
139
164
185
183
153
102
64
61
85
104
99
91
102
128
147
156
165
154
122
122
154
176
172
144
108
88
99
123
114
68
28
34
68
71
38
10
38
90
108
104
105
97
73
58
67
56
18
-7
-6
-2
-11
-18
1
35
54
40
2
-23
-13
2
-1
-5
5
16
25
50
73
88
88
92
115
119
98
56
28
49
56
6
-39
-39
2
32
4
-36
-24
7
25
20
9
16
39
73
97
114
118
106
83
73
101
112
89
52
24
23
48
67
81
84
74
67
65
52
19
8
34
59
60
29
26
82
117
107
82
73
81
66
45
50
67
65
52
42
24
9
5
3
4
10
11
20
55
91
106
97
75
66
85
107
93
64
35
20
28
44
48
45
75
116
123
115
103
92
80
84
98
87
70
64
55
40
19
21
49
55
52
48
32
34
53
65
53
38
41
68
85
57
20
18
35
38
20
8
19
18
6
-3
-8
-22
-52
-55
-13
29
38
27
13
7
16
39
35
16
17
11
-17
-40
-45
-57
-41
20
65
56
24
8
22
48
65
75
68
50
50
48
28
32
55
61
27
3
6
8
6
-3
-36
-55
-26
11
16
-3
-2
11
27
58
74
43
-7
-38
-24
1
-1
-27
-50
-57
-59
-39
-13
-22
-37
-25
-6
-8
-18
8
52
53
35
8
-19
-33
-27
-13
-23
-55
-51
7
50
52
43
27
18
9
-6
-22
-17
-11
-20
-12
16
43
65
73
71
56
51
60
73
65
37
7
-13
-25
-8
26
42
24
10
4
-2
-8
0
22
43
37
18
12
50
92
117
121
115
100
97
98
84
58
48
33
-6
-45
-42
-3
22
7
-12
10
67
104
99
67
51
44
25
-3
-11
-1
6
4
-11
-9
9
7
0
18
32
13
-13
-22
-6
16
28
28
13
4
24
64
100
105
88
56
27
13
-5
-12
-1
21
41
41
21
24
60
83
85
74
42
6
-10
-6
-5
-19
-22
-19
-5
21
29
22
24
36
49
66
76
67
36
2
-18
-6
24
41
48
44
24
19
51
99
113
92
75
73
68
49
35
42
85
125
123
75
19
-2
19
52
55
35
41
57
60
67
82
102
115
107
85
54
29
25
40
60
81
93
91
75
33
0
9
49
81
77
54
43
55
69
74
71
69
67
39
-12
-40
-20
19
28
4
-22
-13
0
1
10
49
83
103
105
86
68
49
27
20
10
-3
-14
-44
-72
-84
-98
-106
-85
-40
-13
-6
-1
9
23
27
27
21
7
-5
-26
-43
-43
-44
-53
-59
-61
-52
-23
-1
19
27
16
9
32
68
86
60
12
0
25
54
51
48
59
74
82
70
42
29
37
49
53
36
5
-10
7
39
40
50
74
77
48
