5
-8
-1
12
21
22
19
32
66
89
98
113
103
66
39
33
9
-23
-27
-10
-1
24
41
32
19
16
40
72
82
64
40
29
27
35
39
37
24
5
-11
-8
22
32
5
10
57
88
100
106
104
97
84
76
75
60
29
16
29
51
53
21
0
28
73
101
115
108
90
90
123
149
134
114
86
56
50
68
75
55
28
19
8
-7
-18
11
58
76
72
69
87
113
97
55
50
96
144
145
107
76
60
66
89
100
91
70
42
-8
-56
-44
20
76
88
80
73
77
90
90
99
121
133
109
68
37
35
55
73
61
36
24
26
25
9
1
21
59
75
80
90
81
65
55
40
4
-17
2
37
58
42
9
2
6
16
35
65
83
77
58
27
-5
-2
41
80
65
23
-2
-4
20
51
67
56
42
50
52
40
34
34
43
56
65
81
100
109
105
89
70
69
72
70
44
7
-11
-13
-3
21
33
12
-14
-19
8
28
33
17
2
17
58
103
118
103
81
64
60
85
102
72
26
-5
-10
8
36
54
82
107
123
141
156
164
155
133
115
103
84
65
57
57
50
39
53
85
106
100
81
55
23
13
26
5
-23
-7
32
56
75
82
69
52
44
65
91
84
38
2
-5
-3
0
34
72
67
51
42
26
21
25
35
41
57
59
37
32
52
68
69
72
88
106
113
99
80
49
24
10
6
-7
-23
-2
52
84
60
4
-19
22
74
76
55
50
51
57
81
92
64
12
-18
23
96
118
123
148
187
233
289
326
324
291
249
218
186
152
128
104
82
69
50
38
42
48
54
68
70
69
76
80
65
45
20
12
22
21
0
-22
-20
-7
12
34
25
-1
-40
-94
-118
-83
-38
-2
22
45
55
57
71
83
87
77
52
26
3
-20
-25
-4
9
10
2
2
28
64
80
64
50
43
64
86
96
80
40
0
-24
-18
2
4
-11
-12
11
44
43
39
61
83
81
71
70
70
66
61
59
64
58
25
-8
-18
-9
16
40
35
21
27
28
36
56
53
21
8
12
7
2
10
-3
-8
-1
5
20
34
42
44
49
45
49
48
24
-4
-17
-20
-17
2
12
-3
-24
-42
-54
-39
-20
-22
-44
-74
-76
-46
16
70
75
56
44
52
48
20
-14
-40
-45
-45
-52
-37
7
51
72
65
59
64
76
96
125
146
128
72
26
28
69
102
92
69
50
21
1
3
24
35
32
17
9
19
50
72
64
54
67
77
75
56
25
-2
-14
-18
-7
8
5
-11
-35
-45
-33
-11
12
59
97
82
44
26
21
19
32
60
75
71
67
60
56
69
68
38
11
22
50
60
53
41
37
40
33
26
48
83
124
136
107
85
83
90
99
105
101
81
41
18
25
38
20
-6
16
76
137
150
97
23
10
51
76
80
69
53
51
56
52
49
59
69
48
16
-9
-23
-7
28
53
55
37
17
19
43
67
73
67
54
43
32
9
-3
-2
11
32
43
56
73
71
51
52
59
80
103
101
93
100
86
57
48
56
72
73
58
36
4
-10
7
38
53
68
89
113
131
136
131
115
89
77
84
86
96
93
81
68
56
41
38
66
112
123
77
27
16
12
8
11
13
4
-7
18
55
59
41
32
10
3
21
44
39
4
-12
17
66
80
59
48
50
49
44
64
86
72
27
-14
-41
-39
-14
3
3
-12
-23
-19
-12
2
27
40
37
28
40
48
27
10
17
36
50
44
36
9
-29
-54
-37
-3
22
32
34
36
48
49
50
66
80
71
26
-10
-5
17
36
52
49
27
11
19
39
50
51
58
60
59
60
58
66
89
113
118
122
116
91
73
70
67
60
50
51
76
90
77
53
56
60
59
54
24
-7
-12
-1
11
24
53
82
85
70
60
69
72
64
44
34
22
10
10
24
37
53
77
96
102
98
65
35
53
81
60
19
2
-1
-26
-49
-39
-26
-19
-22
-53
-62
-44
-21
-9
-21
-30
-23
-18
-17
-13
-18
-36
-41
-42
-50
-46
-20
12
27
36
12
-20
-17
17
34
24
7
-6
-6
-2
21
49
52
37
-1
-28
-34
-18
5
7
-9
-6
25
34
33
67
113
115
93
90
96
77
64
64
72
70
36
-6
-39
-36
21
98
119
86
48
52
86
117
123
101
82
84
84
67
50
41
40
37
32
19
-6
-13
20
60
69
66
73
70
69
76
66
43
60
96
100
80
69
69
74
80
84
68
39
16
4
9
5
-6
-11
-8
7
38
58
56
40
24
22
32
41
53
61
71
82
84
80
68
61
54
42
24
8
4
12
26
35
44
53
49
36
17
16
26
24
25
27
21
6
8
36
69
88
58
13
-4
-7
-8
-12
-18
-1
27
34
25
34
52
57
55
48
39
43
40
43
68
90
104
115
109
80
54
59
75
76
53
27
42
85
91
70
59
72
89
98
102
103
98
80
54
28
32
68
88
73
70
89
121
131
109
92
98
107
97
85
88
76
51
39
53
67
74
86
