77
72
70
77
87
82
70
72
76
80
96
115
116
113
120
135
129
107
101
113
107
76
64
68
68
73
84
76
51
24
17
35
54
54
41
21
-21
-68
-65
-10
36
42
17
-1
3
26
60
72
58
55
77
107
123
122
103
69
49
55
76
103
120
115
104
98
88
65
38
48
74
87
64
16
5
35
64
60
51
67
99
121
129
125
107
70
41
41
48
43
37
7
-35
-61
-49
-22
1
23
48
69
75
66
52
73
122
130
84
42
49
83
96
65
28
16
1
-12
0
21
29
33
32
18
-5
-2
27
43
40
34
20
-4
-22
-9
1
6
0
-17
-24
-10
11
28
28
18
9
32
65
76
58
36
26
28
40
57
80
80
48
22
26
36
29
18
26
64
98
85
51
48
65
86
86
65
41
34
54
76
76
57
32
26
44
73
91
99
93
76
56
36
17
-5
-2
16
18
2
-8
-11
-10
18
50
51
54
65
69
59
43
36
45
58
55
24
-17
-27
8
59
75
56
38
41
60
74
69
54
37
12
5
12
18
13
16
33
61
92
106
80
23
-5
11
58
92
84
50
23
23
48
65
73
98
117
107
84
59
51
50
49
48
34
24
35
26
9
-2
-3
10
21
10
7
44
92
105
80
38
24
35
42
58
60
27
9
32
51
43
17
1
9
22
28
24
12
16
28
37
35
32
39
37
32
26
23
24
28
37
55
80
102
101
82
66
56
51
52
61
83
104
97
77
60
58
80
96
70
43
48
51
51
67
71
52
33
35
52
64
56
23
-12
-17
19
49
52
41
18
-14
-23
9
36
20
5
6
25
36
23
5
-20
-27
-8
10
13
-7
-36
-41
-38
-27
-21
-25
-35
-34
-13
10
33
49
65
90
117
124
105
51
21
17
23
39
41
20
0
3
32
69
83
68
59
67
76
85
73
53
48
45
42
35
2
-21
-4
12
6
-4
-4
17
44
48
24
0
-3
16
27
20
3
-6
-36
-72
-59
-22
-5
-21
-37
-17
37
82
88
58
27
19
24
40
42
23
-6
-34
-41
-13
9
6
6
17
18
40
86
101
88
66
35
3
6
44
55
18
-28
-34
2
53
93
99
105
124
119
97
97
120
139
123
97
82
81
83
70
50
56
65
51
50
70
99
105
76
53
40
44
65
67
59
49
25
10
22
42
48
24
1
-11
3
38
50
27
10
37
83
104
68
8
-2
34
68
76
77
86
89
80
53
33
42
75
74
32
3
11
24
40
56
68
68
69
84
99
86
73
80
87
101
130
139
132
119
104
86
81
89
91
101
119
128
130
134
122
83
69
123
183
185
149
118
104
98
96
115
141
150
133
100
65
52
80
131
153
133
104
87
77
71
67
76
96
87
74
98
141
156
129
87
56
50
54
65
69
61
35
0
-14
-6
7
9
7
17
29
33
3
-23
-17
5
13
16
36
73
99
96
82
64
41
26
10
9
35
34
20
16
12
-2
-23
-22
7
34
42
38
26
22
36
59
97
119
106
69
43
50
57
50
25
9
11
18
2
-13
-4
20
40
40
41
40
33
33
40
49
49
35
26
12
8
19
19
10
20
49
50
20
8
22
52
69
54
49
72
92
100
117
106
70
48
64
73
59
58
53
33
9
23
58
66
20
-26
-42
-24
17
35
24
28
55
74
83
93
101
87
56
27
16
35
100
163
182
181
170
154
132
116
103
105
117
122
123
128
133
130
108
100
129
167
167
116
71
55
57
92
134
135
98
59
49
50
50
53
58
57
64
70
66
55
41
27
43
76
84
64
48
80
153
212
215
198
198
231
280
323
329
306
276
258
258
248
216
196
187
194
197
181
178
185
177
152
140
152
156
132
102
103
138
156
149
131
119
128
125
98
73
66
57
52
57
64
57
45
24
-5
-40
-71
-72
-41
-5
27
43
41
34
21
32
51
66
65
39
0
-33
-45
-41
-20
-12
-38
-88
-122
-109
-81
-61
-57
-41
-12
-5
-6
6
21
28
28
24
17
19
26
25
11
10
39
69
64
25
-10
-38
-37
-17
12
45
52
45
73
113
133
133
123
119
115
105
103
102
98
83
60
53
74
98
89
61
37
17
2
17
54
102
134
128
105
103
109
118
119
112
87
55
34
39
55
56
29
-9
-28
-35
-4
52
80
86
82
65
48
57
73
74
74
75
64
49
29
23
24
32
53
60
42
18
8
18
17
-9
-21
22
56
39
7
2
23
50
76
93
81
66
69
77
60
24
-11
-39
-39
-24
-8
0
-11
-21
-6
6
4
-1
-8
-17
8
65
98
106
123
140
154
167
179
188
183
147
98
84
82
57
23
-13
-43
-71
-87
-85
-74
-68
-60
-50
-43
-50
-50
-53
-67
-97
-114
-87
-66
-97
-121
-102
-72
-46
-18
-7
-25
-36
-35
-22
-4
-6
-17
-18
2
22
17
-8
-34
-51
-51
-42
-41
-45
-56
-69
-61
-34
-5
6
-1
-22
-33
