44
39
11
-12
3
57
96
88
64
36
21
19
4
1
16
17
8
-5
-22
-23
-1
24
25
17
8
7
-3
-12
-3
22
33
20
12
22
40
51
26
-8
-43
-58
-26
24
48
26
1
8
39
66
66
36
8
16
40
43
22
-12
-41
-42
-21
23
65
54
16
-6
-5
7
34
64
74
55
21
28
73
97
85
49
39
70
97
98
83
55
36
37
51
65
61
32
4
8
43
54
0
-38
-8
44
75
71
53
38
39
53
72
72
45
29
44
68
67
35
9
12
43
59
55
65
83
81
64
44
38
53
66
71
86
88
74
66
41
33
40
48
50
35
28
44
67
80
90
112
129
121
115
129
135
102
60
49
65
85
116
140
149
145
139
136
148
153
134
114
103
72
48
56
86
107
114
104
97
92
89
75
61
66
77
88
76
39
-3
-21
-22
0
59
96
89
84
107
140
162
157
151
149
108
40
-21
-44
-19
26
43
8
-20
-9
11
4
-19
-20
-4
-3
-11
-18
-12
-2
6
-8
-46
-76
-66
-17
9
-17
-56
-44
4
56
83
73
32
-8
-24
-12
-7
-17
-22
-38
-59
-44
-3
23
22
0
1
27
48
68
73
51
27
28
53
60
42
28
49
87
98
74
42
-12
-49
-30
1
12
6
0
-4
-9
-2
32
68
84
90
77
52
40
39
33
27
35
40
56
97
122
108
64
40
68
104
105
101
86
49
5
-8
11
23
27
54
60
37
16
0
2
33
53
58
58
60
76
84
59
28
26
41
42
34
40
60
76
89
97
82
64
59
80
89
75
50
19
-1
-3
20
64
90
86
66
48
43
52
54
38
26
11
5
3
-20
-54
-54
-24
7
33
34
18
23
66
113
124
99
73
66
69
73
42
-12
-30
9
55
42
4
0
17
39
59
68
60
37
-7
-37
-22
33
91
114
97
65
54
72
81
75
71
57
43
44
38
37
59
54
26
29
55
55
26
9
1
16
60
101
100
81
65
59
54
42
40
44
55
84
91
72
52
52
72
99
121
122
106
85
55
23
21
42
71
77
57
19
-9
-10
18
64
89
75
50
35
33
38
45
50
58
54
38
33
41
58
64
44
33
39
51
68
106
135
152
140
102
65
67
86
72
16
-20
-14
5
6
2
2
24
57
76
74
76
91
98
84
71
70
61
42
23
18
24
34
60
101
109
98
82
77
72
35
-2
0
37
58
59
59
80
97
86
88
102
107
100
85
96
101
81
50
36
39
38
53
82
97
82
44
17
25
65
81
59
26
4
-24
-49
-28
9
27
20
-17
-17
36
80
69
26
1
7
24
40
22
-18
-54
-67
-30
16
26
21
35
73
114
138
150
164
173
161
123
70
28
19
11
12
41
74
109
140
134
97
70
65
66
68
80
75
51
34
35
27
21
27
42
69
81
77
72
60
39
25
25
21
-8
-23
-3
24
39
45
67
87
81
55
64
89
66
26
17
6
-10
13
56
59
45
39
48
66
85
89
72
52
35
35
49
39
-8
-61
-81
-58
-33
-18
9
37
35
41
86
134
152
118
56
24
26
32
-2
-34
-8
21
19
33
73
68
25
0
5
6
-10
-24
-22
-6
-1
-13
-23
-14
0
5
9
9
-13
-51
-77
-61
-18
2
23
54
76
77
69
43
21
18
28
23
-10
-29
-25
-27
-21
1
32
51
64
55
48
56
74
71
32
-22
-46
-28
-5
12
23
41
76
102
101
72
53
68
68
43
21
2
-13
-7
9
21
26
24
23
35
44
41
34
33
39
43
37
26
6
-11
-23
-29
-21
6
50
89
107
118
141
160
148
123
105
90
81
70
70
68
24
-17
10
89
130
101
82
107
145
151
134
122
118
102
74
68
76
76
51
32
26
28
19
9
19
38
59
75
76
86
112
134
132
116
97
72
49
22
11
19
20
36
48
39
32
39
40
41
54
77
90
75
60
54
49
53
77
100
90
65
28
35
80
101
84
43
12
36
80
82
51
49
89
130
119
69
19
-3
1
27
44
32
29
40
71
116
134
144
154
140
92
44
24
32
38
27
-1
-25
-8
32
44
41
36
33
38
52
57
39
16
16
44
75
69
22
-21
-36
-58
-65
-26
21
37
2
-27
-5
48
80
75
43
2
-21
-4
21
25
24
20
22
36
48
53
41
26
20
11
-8
-27
-10
42
70
51
37
55
89
92
65
22
-19
-28
-9
-18
-41
-43
-11
43
91
107
92
60
52
44
32
36
66
76
54
21
11
27
44
54
58
59
68
74
60
25
10
35
68
96
113
122
124
104
84
69
43
41
56
68
50
25
23
26
25
20
27
40
44
34
-6
-38
-14
24
56
58
26
8
21
48
77
87
66
49
53
67
73
68
49
32
52
80
81
50
13
13
41
68
88
90
75
50
27
16
1
8
43
83
87
71
72
80
112
157
198
195
133
86
106
133
105
68
59
60
40
27
41
84
118
125
103
