3
-3
12
20
12
17
43
67
53
40
41
17
-38
-74
-68
-40
-60
-117
-118
-53
4
8
-26
-43
-28
-10
-19
-36
-50
-39
-34
-69
-119
-118
-87
-61
-34
7
26
22
13
3
-14
-26
-34
-22
-8
-2
-7
-20
-29
-6
58
116
144
137
109
100
113
109
74
32
26
80
130
124
72
17
-11
-18
-3
22
21
-33
-88
-88
-53
-19
19
51
57
48
38
19
-3
5
41
53
43
42
32
26
44
61
65
53
53
55
55
40
18
26
73
123
133
107
83
83
99
102
72
56
96
160
183
168
129
88
86
96
101
118
116
83
54
58
65
40
9
-7
-7
16
40
53
76
106
119
113
92
83
88
86
73
68
65
45
27
28
52
81
93
96
69
44
64
88
102
104
102
102
108
105
90
75
50
50
59
37
11
18
40
40
21
38
89
120
106
74
39
32
74
140
169
125
74
65
80
109
136
137
115
72
36
27
41
64
73
51
16
11
51
98
115
98
70
58
69
83
88
96
90
49
8
-5
16
72
116
106
85
84
106
147
182
170
117
59
43
75
92
64
33
38
67
69
58
60
54
34
9
-4
-3
13
19
3
-9
-9
6
26
45
43
33
39
53
43
48
68
69
60
57
54
45
27
19
17
12
11
4
-19
-39
-51
-25
16
9
-11
-4
27
38
10
-17
-22
-13
-2
10
12
5
-10
-27
-14
22
34
17
-2
-13
-12
-11
-9
6
41
88
104
92
80
66
66
87
108
120
117
99
59
9
-8
10
39
56
52
34
25
40
51
66
101
125
114
81
80
89
73
39
-5
-33
-27
8
49
75
68
42
41
77
116
99
32
-8
-1
22
20
-8
-37
-44
-23
10
36
57
60
39
39
64
85
90
102
119
116
93
74
69
60
33
8
11
52
92
101
81
57
28
23
52
71
67
45
22
11
10
27
42
39
28
1
-24
-27
-10
28
64
72
84
89
74
51
59
100
120
97
48
25
49
72
58
36
35
56
53
5
-26
-7
53
103
137
135
105
100
124
139
109
70
56
68
81
67
28
5
9
26
40
57
70
66
68
86
98
76
58
59
54
13
-33
-52
-51
-43
-33
-12
10
28
42
54
23
-18
-25
-8
4
7
10
34
75
107
115
107
87
54
28
22
34
34
-2
-40
-42
7
66
96
81
57
48
61
84
73
39
36
72
80
44
20
17
32
53
70
68
64
58
53
43
35
43
67
82
50
6
-2
0
-7
-1
19
33
41
44
55
80
92
96
101
108
97
68
60
92
132
112
58
34
41
51
32
10
23
28
12
10
39
81
112
104
86
88
90
70
48
38
27
8
-5
4
22
13
17
38
28
5
-1
0
5
21
51
67
68
76
86
85
64
44
56
72
73
53
22
-5
-27
-29
-27
-38
-51
-65
-76
-68
-35
-4
-9
-25
-10
41
85
80
59
67
81
73
45
22
16
37
68
69
40
10
1
17
35
48
67
87
71
22
13
51
65
66
82
104
113
92
60
19
6
40
70
85
69
26
-23
-35
8
70
100
86
64
55
64
57
41
17
3
9
12
2
20
59
57
16
-4
40
125
181
172
130
100
124
168
167
145
130
109
84
51
21
34
70
83
64
33
24
68
132
147
103
41
16
40
76
84
64
42
26
3
-12
-11
4
32
49
57
60
42
21
3
-2
17
29
33
43
42
29
17
3
16
53
77
74
75
84
84
73
65
58
55
71
98
93
38
-29
-55
-34
12
51
42
22
26
59
103
108
70
32
21
33
40
41
55
64
52
32
9
-4
12
54
69
27
2
26
71
96
92
85
75
74
68
44
32
36
49
66
73
82
101
104
92
68
53
81
113
104
52
21
33
70
103
105
102
100
92
71
58
66
82
96
114
124
106
82
89
134
179
195
177
136
93
65
44
41
45
51
56
81
118
153
162
124
103
103
113
116
116
119
132
147
150
139
129
121
123
144
153
161
167
171
176
160
115
86
109
164
194
180
149
120
105
108
135
147
121
84
64
57
68
80
84
112
132
123
107
100
91
64
28
16
22
39
48
37
32
32
54
102
139
148
121
96
97
121
147
147
128
115
114
118
119
116
131
160
168
162
153
168
195
196
168
130
109
106
101
109
138
145
122
124
146
168
182
177
140
115
104
117
133
122
88
73
81
81
58
12
-17
-11
4
25
44
57
82
100
117
149
177
156
88
20
-1
8
8
-10
-22
-1
26
39
36
33
36
42
32
20
13
-3
-6
4
10
-5
-34
-27
-10
-20
-36
-33
-14
12
28
32
24
11
7
35
84
118
105
42
-20
-29
-22
-23
-44
-98
-148
-139
-91
-65
-54
-37
-20
3
40
56
44
21
7
12
1
-52
-81
-60
-40
-65
-99
-90
-65
-75
-129
-132
-76
-27
-12
-22
-28
-20
-26
-39
-37
-43
-70
-99
-131
-148
-142
-134
-108
-68
-19
19
28
12
-10
-34
-45
-35
-19
-20
-44
-91
-126
-102
-40
-6
-2
