103
90
80
67
42
6
2
39
84
92
83
98
144
149
113
115
153
154
108
66
51
59
88
130
136
91
50
64
104
128
118
91
57
33
50
102
137
117
68
39
24
41
89
133
120
76
59
64
69
76
75
54
21
7
32
59
59
22
-21
-37
-20
24
50
23
-7
4
50
76
88
100
109
120
103
56
35
54
97
119
106
68
57
89
112
120
113
90
71
69
57
32
16
41
86
102
90
98
123
134
113
99
101
91
54
16
-6
-34
-51
-39
-9
37
80
75
64
73
97
105
102
72
34
5
-35
-61
-72
-72
-50
-12
9
8
-9
-21
-7
3
-12
-29
-43
-73
-84
-49
1
27
21
0
-26
-57
-52
16
75
65
3
-41
-14
39
68
76
53
7
-10
8
8
-27
-43
-10
40
85
100
81
49
11
-12
-36
-33
5
52
83
83
56
25
-4
-22
-14
-3
26
56
56
24
5
24
73
117
128
112
88
73
69
70
65
39
36
44
27
12
19
16
5
9
22
33
43
55
72
83
64
25
-8
-35
-24
28
91
116
112
92
81
91
116
101
39
-18
-30
-17
0
3
-2
-12
-14
42
122
164
150
117
83
44
36
43
35
24
10
22
48
43
8
0
42
77
83
88
87
48
-4
-26
-23
-11
-36
-65
-44
0
27
26
10
-22
-37
2
43
66
66
53
42
35
49
75
90
85
57
18
-25
-57
-66
-55
-54
-30
1
26
64
97
113
118
133
153
145
89
41
25
7
-20
-21
16
61
83
75
83
112
137
139
128
112
86
42
3
0
27
53
41
20
24
49
51
21
18
40
43
26
18
27
21
-8
-18
-5
2
17
19
10
24
39
34
32
28
44
87
108
85
33
-26
-60
-21
35
49
19
-17
-28
-9
17
35
28
9
5
17
36
53
42
17
0
3
8
2
24
70
93
80
74
104
118
97
60
8
-45
-77
-58
-9
7
2
4
20
48
73
84
75
76
89
93
86
66
68
92
107
100
71
53
36
27
25
0
-22
-19
18
52
65
84
106
104
81
43
19
32
66
89
76
43
48
66
60
51
65
80
80
98
117
105
64
40
40
54
91
130
117
70
39
65
124
165
149
101
71
77
102
104
82
76
97
108
108
87
69
56
36
36
56
71
51
34
67
129
165
155
130
106
91
81
71
76
84
66
40
45
71
83
88
103
119
117
73
34
40
53
41
38
49
56
50
33
27
33
53
80
82
72
67
52
39
45
27
-20
-49
-10
55
58
37
57
102
137
145
120
91
75
68
61
50
34
9
3
23
52
64
50
39
60
86
105
96
43
23
72
150
172
145
112
92
83
91
121
165
177
160
146
137
130
108
87
88
101
104
86
68
76
108
125
109
71
40
32
24
-1
-17
-8
4
19
28
27
32
64
112
120
83
45
38
48
84
120
118
83
44
2
-33
-24
2
20
4
-37
-57
-39
8
55
70
68
75
87
77
71
75
68
27
9
22
34
25
13
-4
-3
27
50
27
1
-20
-40
-58
-71
-83
-98
-124
-131
-88
-38
-35
-50
-50
-39
-2
39
29
4
-10
-10
-20
-56
-94
-94
-43
11
29
35
35
24
34
54
58
51
53
59
41
10
10
49
59
23
-5
16
52
49
24
8
25
54
44
20
22
59
107
140
137
92
44
22
10
-6
-14
10
52
72
57
18
11
41
68
99
112
97
83
76
75
66
54
40
16
8
16
2
-26
-57
-83
-86
-81
-60
-6
18
9
-1
-25
-54
-65
-59
-42
-24
-9
-9
-29
-41
-28
-17
-4
-6
-29
-34
-4
16
6
0
6
2
9
22
29
52
72
82
82
67
52
40
32
28
32
21
16
1
-9
9
49
65
59
61
89
105
92
71
48
16
-3
3
13
38
69
61
33
18
39
64
61
60
82
104
98
72
50
37
17
-6
-11
10
53
67
73
82
54
17
42
87
82
53
40
38
48
80
88
60
51
80
106
112
109
107
99
86
66
36
23
41
65
70
55
20
-21
-20
32
80
98
76
24
-29
-27
18
58
72
64
67
66
55
66
71
57
56
75
64
5
-5
27
50
60
73
81
76
65
57
60
60
61
57
43
52
65
74
90
74
74
116
140
133
114
99
90
86
76
61
48
59
103
128
117
100
97
88
68
58
90
117
105
82
43
25
22
21
37
55
49
21
9
26
54
80
86
96
120
147
135
96
58
44
57
53
23
18
28
51
86
133
144
106
82
84
105
125
120
88
68
65
77
108
122
80
18
7
42
82
82
49
54
87
129
166
171
163
168
160
133
114
101
107
115
122
112
72
24
-20
-8
56
102
98
57
18
11
38
67
89
107
108
86
41
35
76
106
101
86
81
85
72
23
-40
-72
-58
-12
22
18
4
4
0
-10
-9
-17
-12
6
19
27
32
10
0
11
28
24
-5
-36
-56
-58
-44
-18
27
58
64
74
102
125
124
116
102
75
43
34
19
-20
-45
-36
-13
4
28
27
9
28
80
