91
105
121
129
147
169
161
122
115
129
138
130
103
92
98
75
61
69
84
88
85
72
49
41
72
120
132
118
124
141
144
116
57
6
-1
33
81
109
97
76
86
100
116
132
123
84
28
-5
-21
-41
-28
38
104
119
106
99
113
149
176
178
155
105
59
39
26
18
36
53
28
-4
0
18
34
32
23
57
107
115
71
28
26
49
56
34
-8
-46
-75
-69
-41
-11
17
37
37
19
21
103
234
311
314
289
245
200
192
231
256
213
144
70
34
70
128
122
64
6
-13
-26
-57
-88
-83
-73
-89
-123
-169
-206
-211
-177
-134
-150
-204
-195
-107
-19
21
28
41
37
20
-4
-25
-43
-103
-184
-203
-171
-146
-66
43
68
-6
-74
-83
-74
-71
-60
-49
-33
-22
-40
-61
-33
50
121
134
82
11
-39
-68
-34
57
135
140
71
-2
5
85
164
171
131
87
66
45
36
43
58
68
59
49
24
3
18
69
114
121
103
61
50
83
102
92
73
64
66
69
66
44
7
-57
-97
-37
44
57
55
83
97
80
73
108
120
102
88
70
67
66
35
2
19
66
76
53
27
22
23
18
27
53
74
76
61
28
-21
-43
-17
21
20
-3
-26
-43
-42
-18
24
35
7
2
2
-1
23
58
66
48
17
-18
-37
-25
-3
-7
-58
-115
-122
-76
-7
25
12
-28
-40
-6
-1
-37
-53
-23
42
65
4
-44
-23
22
50
56
64
68
69
57
7
-36
-33
7
28
16
2
-23
-38
-5
11
-7
-23
-4
1
-7
-1
11
16
-33
-89
-81
-25
11
-5
-54
-81
-66
-44
-28
-8
0
-8
-23
-25
-25
-18
-7
-22
-50
-40
1
38
71
91
85
39
-8
-9
23
52
53
27
-7
-49
-67
-26
49
101
103
68
23
-3
8
42
70
69
60
52
40
35
27
27
49
90
136
151
117
68
28
18
32
27
25
24
20
27
53
75
93
112
118
120
122
122
112
90
58
28
36
82
135
177
183
144
84
59
92
134
138
118
105
112
121
109
71
23
18
42
53
34
12
19
38
33
10
11
32
32
-10
-68
-84
-24
65
117
116
83
51
41
40
37
40
19
-28
-55
-55
-77
-81
-37
7
8
-1
4
18
16
-6
-26
-49
-67
-60
-44
-53
-86
-131
-163
-150
-67
22
55
37
19
26
52
65
51
23
-6
-30
-58
-104
-138
-114
-40
-4
0
38
81
60
12
-4
-17
-6
34
43
1
-53
-75
-66
-18
41
65
69
75
86
81
58
60
88
83
37
4
-2
1
3
21
23
10
29
86
103
55
12
43
90
81
37
16
26
34
48
60
53
24
4
41
99
114
107
108
115
109
113
116
103
84
57
17
-6
-2
10
41
74
90
91
74
50
41
40
28
25
41
53
58
81
83
44
27
54
88
98
68
25
2
27
80
105
74
29
24
64
102
112
103
84
45
34
54
76
98
120
137
125
118
108
86
60
51
56
55
22
-5
4
18
33
66
82
74
60
55
48
26
-2
-34
-50
-20
33
67
66
35
-9
-22
5
52
90
90
28
-28
-20
49
102
97
71
54
54
67
72
56
10
-36
-34
18
69
84
54
24
13
33
92
144
147
113
71
53
57
75
84
74
75
90
91
80
76
99
125
116
60
13
8
43
101
122
97
42
9
6
11
32
70
102
118
102
43
-20
-14
49
92
96
102
116
100
73
71
83
75
66
49
9
-9
2
0
-12
6
69
116
98
67
60
72
88
77
65
59
50
54
74
74
27
-20
-22
18
64
85
89
102
104
80
39
21
32
57
58
18
-33
-43
-26
-28
-35
0
60
100
88
57
27
0
-7
36
77
68
32
27
54
45
3
-22
-29
-17
-3
-1
12
49
70
57
43
36
21
26
64
107
117
70
-4
-37
7
81
112
92
61
65
82
90
89
80
58
33
21
34
55
65
50
48
59
57
59
45
23
12
0
-22
-23
6
40
49
32
22
18
10
6
7
21
38
29
10
2
17
34
35
23
26
49
72
76
68
55
34
34
56
68
73
70
44
12
-7
-20
-12
-1
-10
-35
-30
-23
-9
1
1
23
73
103
128
153
171
171
137
83
40
28
11
-13
-11
11
39
68
84
100
124
146
144
123
125
131
100
43
-1
-1
52
86
69
57
81
113
132
125
100
72
33
-4
-18
-17
-5
18
32
17
-17
-57
-50
2
48
64
54
35
27
29
33
38
49
56
57
68
76
55
29
34
56
90
108
123
140
133
98
72
86
98
68
60
80
98
109
96
43
-4
1
57
118
137
130
100
72
75
77
60
50
34
-22
-75
-71
-18
-4
-34
-49
-22
26
42
10
1
23
48
45
18
-17
-30
-29
-30
-52
-88
-123
-140
-125
-88
-24
33
28
-5
-23
-9
18
52
65
55
44
49
42
40
43
40
34
21
9
-2
-11
1
24
66
87
72
72
89
99
98
89
101
134
154
148
112
70
65
115
186
224
214
170
130
132
161
185
196
183
134
83
53
40
45
52
56
64
57
32
19
28
41
58
80
80
52
36
32
