-132
-66
-13
16
40
91
139
133
88
48
44
68
67
42
20
-11
-51
-37
-1
11
16
25
40
38
28
39
43
38
37
39
34
24
20
25
27
13
-6
-24
22
76
73
42
16
-3
8
32
59
87
88
54
6
-28
-25
27
58
43
17
7
38
70
56
39
67
104
77
32
27
71
107
121
125
112
72
40
33
37
11
-12
-8
17
35
24
11
24
53
75
87
97
104
112
112
113
92
38
-20
-75
-109
-100
-55
-23
-34
-55
-50
-24
17
65
87
97
73
39
42
75
91
66
32
40
92
132
106
32
-19
-23
1
33
53
77
92
74
40
19
26
39
24
-33
-67
-34
-7
-26
-55
-59
-44
-11
16
36
69
100
107
89
65
53
58
58
36
4
-13
-22
-13
0
28
73
100
104
96
89
124
151
120
72
59
60
52
58
70
75
71
51
20
4
-1
-12
-50
-91
-91
-67
-41
-24
-13
-4
19
38
25
10
12
27
8
-35
-69
-76
-57
-24
1
-4
-45
-60
-36
-23
-56
-81
-38
26
27
-7
-17
16
59
85
83
88
103
76
-5
-70
-55
-11
10
8
9
18
8
4
-6
-18
20
85
92
53
35
23
22
57
103
130
140
135
112
101
99
66
-10
-55
-10
85
161
156
117
83
69
65
65
44
24
22
34
36
21
11
39
101
171
184
136
99
87
71
17
-56
-87
-33
64
122
152
176
181
166
128
81
69
93
85
36
-19
-66
-56
19
89
113
104
96
101
122
137
138
125
105
107
116
108
91
81
76
75
59
40
16
-41
-90
-42
39
82
93
102
108
91
71
86
103
91
48
-12
-77
-130
-146
-109
-21
56
73
34
-1
11
61
106
116
84
36
-11
-33
-37
-73
-129
-101
17
101
100
43
-11
22
129
193
195
139
66
10
-9
18
57
53
5
-20
10
58
82
104
147
169
193
249
290
284
250
235
265
305
289
204
147
151
180
180
150
136
128
116
116
133
145
150
128
83
87
124
132
91
66
93
153
188
150
86
58
60
68
57
23
-24
-60
-69
-51
-21
-37
-76
-77
-22
52
101
129
112
25
-56
-52
-6
-3
-34
-54
-41
-20
0
22
41
40
57
123
181
151
54
-23
-50
-10
36
7
-58
-65
-1
34
10
-34
-39
-2
50
99
119
82
25
28
72
101
103
114
122
105
70
33
-6
-45
-57
-33
4
25
41
35
25
54
88
97
97
83
59
38
28
6
-37
-51
-46
-56
-81
-106
-113
-84
-24
22
53
65
35
-1
-6
-2
-10
-37
-81
-86
-34
22
40
12
-19
-11
-2
-23
-58
-62
-13
24
-1
-54
-71
-40
6
19
-4
1
51
77
56
23
8
17
56
112
121
83
35
-3
-26
-34
-20
8
11
-4
-23
-24
-21
-11
21
43
18
-2
44
106
112
80
34
-21
-30
-4
11
25
69
128
163
146
101
72
85
108
104
93
89
67
39
40
74
114
115
71
50
56
55
27
5
18
53
88
105
71
17
17
68
91
48
-10
-37
-23
-11
-21
-3
20
21
7
2
0
0
6
26
51
66
58
32
11
42
74
66
12
-41
-58
-42
-26
-45
-54
-29
9
35
28
27
25
23
34
66
106
112
76
49
16
-30
-27
18
23
6
-2
9
45
89
115
122
131
115
81
39
-3
-9
-2
-9
-6
10
13
21
50
90
107
81
48
35
32
7
1
17
40
74
113
120
106
114
146
163
155
151
156
145
113
84
42
-11
-24
10
55
65
41
43
90
144
177
195
210
221
218
200
163
112
68
35
25
58
108
118
59
-7
-28
-7
43
97
98
55
44
84
121
125
98
75
84
96
93
74
40
28
64
99
103
97
107
118
114
93
55
26
32
40
21
-5
-4
24
53
87
146
172
139
103
108
115
87
68
60
68
58
8
-1
55
116
152
165
156
140
102
53
22
28
54
83
130
154
131
90
67
86
124
144
149
152
135
104
87
83
81
73
57
40
41
61
64
34
21
55
118
149
134
99
61
43
28
16
11
13
22
32
27
24
44
83
121
145
154
160
120
56
27
12
-3
-19
-19
22
104
144
105
53
44
93
162
198
183
145
121
121
132
134
115
98
83
21
-41
-76
-42
26
70
98
117
130
129
120
113
91
52
4
-42
-57
-52
-43
-13
39
101
137
144
129
128
153
179
169
113
98
129
150
124
58
11
23
59
96
123
124
84
33
13
41
58
58
59
48
21
16
24
51
67
41
1
-6
6
22
35
33
0
-41
-59
-37
-6
23
59
85
70
58
88
134
167
192
214
230
203
162
123
102
91
74
38
34
60
55
-2
-61
-39
29
60
75
93
85
42
25
50
56
20
-34
-59
-37
-3
-4
-34
-51
-39
-34
-53
-58
-33
-12
-36
-72
-89
-109
-99
-43
-21
-41
-46
-17
-1
-25
-53
-37
-9
-7
-12
-29
-27
-26
-53
-61
-39
-26
-28
-37
-44
-28
-6
-23
-42
-29
0
26
22
-4
-25
-25
-14
-33
-45
-42
-30
-19
-25
-46
-62
-69
-72
-78
-62
-25
-2
3
0
-13
-37
-39
-17
10
20
-9
-67
-101
-93
-78
-71
