-33
-104
-114
-50
28
33
0
3
40
71
82
74
69
52
39
42
45
53
51
22
5
16
27
37
26
25
49
52
26
5
1
11
20
13
18
41
80
100
84
55
28
11
41
88
100
89
76
60
35
25
59
105
124
128
115
102
97
118
144
122
65
35
71
123
124
86
60
55
51
42
41
53
72
71
44
27
49
98
135
134
122
113
90
84
103
129
139
140
132
121
136
163
154
123
135
156
148
122
117
124
128
121
106
85
55
24
25
55
73
55
28
18
35
57
74
65
44
51
56
44
11
0
34
96
138
138
109
82
59
55
67
58
28
34
76
104
82
37
-7
-12
21
34
10
4
13
19
12
24
56
99
117
100
43
-22
-68
-81
-58
-18
5
-21
-45
-27
11
11
-12
-19
7
41
56
43
32
38
56
71
80
67
43
43
57
66
53
28
19
40
73
84
85
80
67
66
70
82
114
146
148
105
37
5
25
59
65
40
6
-18
9
70
100
83
26
-22
-30
-8
5
5
-1
-6
-18
-25
-19
-9
-11
-20
-19
-7
-12
-40
-58
-34
1
13
-2
-13
-6
7
4
-2
18
36
37
35
40
50
65
67
43
27
32
35
2
-57
-91
-86
-50
-10
10
10
-7
-41
-82
-67
8
65
74
67
39
-7
-42
-46
-23
3
8
2
0
-20
-36
-24
8
37
36
23
6
-1
2
-6
-24
-51
-44
0
29
43
67
76
67
42
7
-10
34
99
121
100
53
22
26
53
80
84
60
28
12
22
32
23
22
42
65
55
24
10
25
51
68
69
75
97
129
139
130
119
109
86
38
-6
-38
-44
-28
-3
45
102
118
100
99
136
169
154
102
52
7
-19
-26
-23
-4
-4
-11
8
40
59
57
40
39
58
69
58
48
53
55
51
50
37
12
-11
-12
20
76
108
96
82
91
102
97
90
109
122
112
76
42
23
10
-18
-33
-6
36
43
41
53
59
66
64
67
86
89
74
60
52
54
75
85
70
59
56
50
32
2
-7
8
32
52
66
60
43
27
40
60
38
-13
-49
-43
-14
13
22
27
55
96
138
166
153
134
130
118
101
96
108
122
107
60
1
-45
-59
-39
7
48
67
74
70
69
69
54
69
100
113
92
51
7
-2
17
27
34
51
69
66
66
73
67
52
75
123
147
140
118
90
64
19
-54
-115
-102
-50
-25
-25
-2
64
128
137
96
53
64
114
129
83
-1
-52
-27
29
67
50
18
16
29
38
38
16
2
25
58
87
122
141
134
100
84
76
50
-3
-53
-61
-13
28
34
8
5
17
35
55
66
37
-18
-55
-28
39
71
64
64
101
152
153
82
-3
-22
-4
-11
-26
-12
-3
0
33
105
171
204
212
192
154
89
24
5
34
57
24
-18
-20
9
53
104
168
188
161
136
135
117
67
7
-27
-33
-24
-23
-24
-14
9
34
34
26
49
58
23
6
32
41
3
-28
-21
12
23
2
-17
-23
-36
-29
3
35
32
-4
-22
-6
28
53
34
10
18
22
17
6
-5
-7
0
0
-11
-38
-43
-27
-22
-29
-37
-12
16
28
16
-6
-17
-7
4
-5
-33
-40
-24
-10
-12
-36
-39
8
56
44
6
4
20
49
58
33
10
22
57
90
81
51
28
-2
-35
-21
38
89
103
103
99
91
98
116
125
129
131
123
88
38
22
19
-1
-20
-19
3
24
38
40
39
58
74
76
92
96
42
-23
-46
-33
-29
-45
-38
-5
8
-19
-54
-20
48
73
65
49
41
42
55
70
81
89
101
106
96
71
67
84
88
76
60
65
96
106
73
40
38
41
6
-12
11
54
65
58
69
103
129
119
85
49
37
50
58
52
40
49
73
104
118
114
112
119
120
105
75
36
16
24
37
38
25
19
4
-42
-67
-11
45
71
81
82
73
66
58
56
56
68
80
69
54
27
-18
-20
64
163
180
117
65
48
67
121
170
165
129
112
102
89
71
37
27
41
55
55
40
50
81
84
54
34
70
135
177
171
138
101
68
50
54
83
103
89
68
87
103
105
85
36
24
64
85
66
26
-3
-12
2
41
99
128
120
103
102
91
58
40
37
32
37
56
68
60
26
-7
-6
40
100
117
114
109
97
73
65
81
83
50
12
1
-14
-40
-39
-26
-27
7
85
119
80
32
37
61
75
82
66
24
-7
-33
-36
24
74
89
90
81
37
-10
-8
36
83
87
60
35
2
-23
-20
0
1
-12
-13
-3
16
28
22
20
42
84
97
77
56
53
56
35
-27
-70
-29
48
77
67
54
33
13
16
34
65
82
58
24
32
59
65
55
60
72
72
52
27
50
105
128
102
59
34
48
83
92
71
56
52
57
69
89
107
109
99
82
59
33
24
54
76
60
58
77
77
67
74
98
114
119
132
133
124
134
164
189
195
186
180
162
113
38
-3
26
105
160
134
68
40
57
72
83
96
92
69
37
32
39
53
59
59
40
24
12
9
9
19
22
32
33
20
19
45
87
121
120
76
