51
58
57
42
20
6
16
16
-19
-53
-58
-29
6
23
-5
-23
-12
16
51
72
80
70
51
56
66
57
12
-23
-26
2
50
80
83
72
74
90
105
114
96
56
32
25
19
18
-8
-17
52
122
124
91
68
72
89
96
68
48
54
77
88
68
38
42
80
101
87
70
90
124
136
117
88
87
113
123
115
97
72
44
32
28
33
32
17
-8
-18
-2
38
89
115
87
64
80
83
76
71
53
16
-3
19
54
60
24
-8
-26
-33
-17
10
27
16
-1
8
36
64
97
114
99
68
37
17
3
-24
-42
-19
36
42
-13
-51
-14
52
92
102
105
102
86
71
64
64
70
87
84
55
19
-1
10
51
93
112
121
141
154
137
97
65
48
44
58
74
74
58
20
-12
-9
17
36
40
55
80
89
73
44
38
48
66
84
84
57
39
24
9
32
86
119
116
91
52
27
53
85
68
29
25
28
33
35
35
44
55
42
26
13
-4
-4
3
-2
7
43
88
101
99
136
185
166
89
50
70
82
53
-6
-66
-92
-58
-3
16
20
28
53
70
81
96
129
177
195
168
101
58
65
84
73
22
-25
-18
34
74
87
58
13
10
66
132
153
148
146
139
130
124
122
100
83
74
22
-37
-77
-94
-77
-27
26
52
41
24
9
-2
-8
-23
-35
1
50
59
34
16
12
13
8
1
-10
-13
-1
8
11
34
70
103
122
133
137
114
65
21
-4
-10
-2
5
0
-8
-29
-39
-17
36
89
102
88
80
69
50
39
39
42
48
40
5
-54
-66
-23
25
68
81
69
51
51
49
17
1
39
84
103
91
69
39
16
5
16
20
5
3
6
0
7
35
60
75
101
147
176
155
131
113
86
58
40
28
34
13
-22
-35
-13
1
0
22
75
90
56
33
34
25
13
24
52
71
76
80
74
70
65
59
48
27
32
38
43
67
98
101
74
43
36
37
18
2
6
7
-1
1
13
16
27
56
65
48
43
71
116
147
155
133
70
18
36
64
19
-52
-58
22
108
122
80
21
-2
12
33
34
26
25
-3
-43
-29
16
42
68
91
81
35
-9
-18
4
-3
-37
-40
2
59
66
1
-35
27
125
167
125
53
7
-5
5
33
33
-5
-53
-65
-29
38
116
152
132
73
24
3
8
25
27
26
10
-28
-40
9
98
170
178
137
100
61
33
26
37
42
39
33
25
22
28
44
60
74
76
97
101
76
69
83
84
54
26
16
3
-11
-60
-113
-73
40
146
171
135
90
80
72
50
22
10
-11
-42
-58
-69
-69
-42
-13
9
45
75
80
58
35
19
35
72
96
74
33
-10
-40
-36
13
42
25
18
48
84
86
58
69
115
121
75
10
-11
27
84
108
104
84
50
24
36
51
51
54
81
112
105
64
41
60
91
115
116
104
97
100
116
138
130
91
69
58
42
54
92
117
100
70
67
104
136
147
145
134
118
113
107
106
119
146
135
90
70
44
21
38
86
92
39
1
28
58
49
26
5
-3
27
74
73
16
-51
-65
-27
-2
-33
-107
-146
-116
-60
-30
0
37
39
10
2
20
35
23
16
10
-22
-43
-19
35
65
33
-11
-17
16
51
70
77
82
85
76
60
44
32
48
56
19
-23
-75
-99
-38
44
101
118
101
72
55
65
68
44
9
5
27
49
58
60
42
23
39
54
56
55
41
-10
-76
-118
-133
-87
19
103
101
61
59
81
76
70
105
180
198
131
39
-21
-20
28
77
87
81
77
61
22
-13
-4
32
22
9
50
75
39
-14
-4
71
109
89
38
-6
-43
-40
21
119
199
221
183
130
100
84
52
19
20
25
22
-12
-65
-37
60
184
226
172
115
57
39
67
87
86
93
118
129
100
50
21
48
91
116
113
99
99
108
121
147
166
141
83
24
6
39
92
119
102
61
33
28
28
40
73
74
57
50
69
116
153
172
187
188
148
83
40
34
37
49
72
86
89
98
115
138
151
148
128
87
49
34
54
83
74
38
29
66
83
43
19
44
64
37
3
-17
-13
-7
11
36
34
10
11
25
38
48
50
23
-41
-100
-65
28
103
107
67
20
24
73
116
129
129
123
90
49
35
45
52
22
-5
-13
-12
11
74
140
170
169
148
117
104
108
101
43
-11
-28
-5
43
104
166
193
168
144
121
117
130
117
39
-53
-69
-22
23
28
19
29
41
48
66
83
92
102
86
70
61
51
34
25
10
9
29
41
37
26
33
66
88
71
34
-1
-24
-10
25
29
19
28
54
68
73
73
41
-17
-58
-36
39
99
70
5
-6
35
103
132
70
-11
-23
12
25
-7
-27
-14
-11
-11
-4
9
19
21
23
34
48
57
66
52
-8
-54
-12
66
112
109
80
74
101
103
90
84
58
9
-22
-34
-71
-108
-100
-50
1
19
11
16
-2
-43
-72
-57
-17
8
3
-13
-38
-61
-87
-82
-29
-4
-36
-82
-83
-42
-10
-20
-56
-68
-36
16
19
-29
-66
-44
21
86
117
93
36
