58
-11
-50
-27
26
68
38
-13
-26
-3
32
42
21
35
86
113
88
49
29
24
18
24
56
70
48
28
52
82
89
70
37
28
48
18
-41
-42
-6
-1
-6
-1
4
28
71
101
90
81
85
84
65
35
23
40
55
26
8
19
-6
-36
-28
-8
12
24
28
44
72
96
72
11
-23
-10
-25
-52
-24
23
22
11
48
115
154
153
106
59
51
67
70
36
-4
-17
-7
-21
-55
-58
-14
37
56
36
12
24
53
56
32
4
9
52
73
39
-42
-113
-106
-19
67
65
22
41
108
132
102
69
44
36
53
75
72
37
-6
-41
-53
-4
71
91
69
80
97
82
49
33
44
93
148
163
132
71
38
51
66
77
91
75
26
-23
-67
-88
-78
-57
-36
3
23
7
-7
10
60
98
96
81
72
74
93
108
107
115
138
160
147
114
88
75
74
81
83
71
50
43
40
25
17
11
6
17
42
74
92
87
75
96
131
112
48
7
-6
-13
-21
-17
-2
26
23
-17
-25
-2
54
103
105
89
90
109
119
118
85
37
12
8
-6
-33
-33
8
69
107
119
108
105
134
165
161
133
98
71
68
68
67
58
32
27
86
153
178
149
93
48
45
97
140
134
76
20
-5
-25
-67
-107
-107
-50
7
23
32
49
82
124
150
149
150
148
119
56
-22
-69
-66
-53
-42
-18
10
28
39
66
100
128
128
115
114
114
99
103
125
140
132
109
103
103
113
100
69
40
8
-27
-56
-69
-45
-9
3
-8
-33
-20
17
42
44
44
64
93
112
133
149
136
122
108
71
17
-3
0
20
48
73
103
136
171
192
170
129
86
68
81
98
89
77
73
68
50
37
25
-8
-14
22
48
56
74
107
134
149
165
181
177
141
115
101
71
0
-69
-57
9
43
42
33
10
-1
-26
-37
-3
40
41
-6
-35
-33
-28
-35
-53
-57
-26
2
-19
-57
-83
-66
-27
-22
-22
-4
24
37
32
0
-6
8
17
19
28
48
51
26
-6
-17
7
24
18
7
-10
-17
2
10
7
16
59
104
103
74
39
-5
-49
-44
-13
21
23
-10
-35
-34
-22
-7
18
68
103
93
70
55
43
32
24
18
2
-17
-21
-10
-1
2
-20
-62
-60
10
90
121
100
28
-39
-13
66
125
117
50
-20
-55
-50
-8
26
10
-35
-36
0
22
33
44
68
89
91
76
55
55
65
50
17
-5
4
24
25
10
-34
-58
-33
-2
7
16
39
36
7
1
28
52
65
69
59
38
28
32
28
24
8
-36
-81
-93
-58
20
72
60
40
54
74
84
97
98
88
81
49
6
-2
2
-21
-36
5
51
58
53
49
19
-6
20
82
115
102
82
70
65
87
123
91
6
-36
-6
50
75
65
41
64
120
160
164
165
163
131
80
37
-5
-29
-12
16
26
57
91
107
132
153
146
119
124
148
162
153
136
123
107
84
48
-2
-23
10
77
114
90
71
98
160
226
264
263
263
272
267
252
232
215
217
198
153
135
155
168
115
58
72
137
193
193
146
108
98
80
64
85
102
72
20
-28
-65
-40
10
37
25
-18
-39
-29
-21
-10
6
32
48
39
12
-28
-68
-86
-69
-45
-46
-39
-23
-22
-4
54
108
117
88
74
82
102
98
53
-10
-50
-45
-11
18
27
12
-41
-75
-11
72
96
69
45
51
57
61
54
34
33
49
75
91
74
45
9
-34
-55
-40
-3
40
69
76
82
72
70
86
91
75
45
33
22
3
2
4
24
65
97
113
118
107
87
58
19
5
1
-5
2
25
54
61
51
41
44
45
32
8
-2
-13
-39
-34
26
69
68
64
74
74
59
37
28
43
50
36
7
-1
37
77
71
44
35
25
25
41
74
108
124
141
176
201
209
189
161
131
96
56
22
-12
-54
-72
-59
-37
1
24
33
9
0
28
57
77
100
107
107
96
59
22
7
24
42
28
-9
-35
-51
-37
-12
-10
-3
12
28
40
56
73
102
139
152
121
86
82
82
52
1
-27
-21
-3
4
10
20
39
57
68
56
43
51
36
-1
-37
-65
-55
-24
-28
-38
-21
8
43
70
66
51
49
43
48
56
52
44
53
66
54
36
51
88
104
91
59
23
33
85
117
103
87
69
60
70
66
42
34
41
80
105
97
85
104
139
166
150
116
86
64
52
54
74
86
67
34
23
29
35
52
85
98
90
75
81
106
132
122
73
23
-2
-38
-61
-11
32
22
26
66
105
109
93
91
104
115
101
64
50
53
34
10
11
3
-28
-42
-39
-41
-25
18
53
88
108
102
97
99
98
74
52
51
40
9
-1
24
34
0
-13
10
48
68
55
37
26
26
37
44
33
-7
-25
0
28
37
64
99
92
56
43
82
134
152
118
66
37
9
-6
11
25
-3
-28
-29
-20
24
77
87
70
64
66
68
76
72
54
43
48
64
60
40
35
52
65
48
24
25
32
5
-22
-25
2
35
66
92
97
91
74
59
57
74
88
81
82
81
34
7
35
58
73
100
118
97
52
37
55
84
99
