-49
-88
-81
-4
88
128
92
23
5
56
90
68
51
71
112
137
116
58
8
9
55
86
88
88
72
48
23
17
25
4
-30
-41
-49
-62
-55
-17
21
42
66
103
131
131
115
86
29
-7
20
52
26
2
33
102
146
140
117
91
65
29
-2
-3
28
59
71
80
91
134
192
216
196
144
112
112
103
90
73
50
19
16
27
42
36
12
-10
-11
19
44
68
84
97
101
101
118
137
130
92
53
34
22
26
41
69
86
80
52
29
35
48
52
55
76
100
87
54
41
40
54
80
87
83
65
27
1
-8
-11
-22
-25
-5
42
92
128
128
99
58
33
9
32
102
165
162
108
76
76
97
100
74
40
6
-11
-22
-22
7
60
109
153
172
163
134
106
86
81
76
59
42
39
52
76
89
80
81
124
168
172
152
131
104
70
53
61
64
28
-8
-23
-25
-18
26
74
85
68
53
66
90
100
87
68
42
21
17
22
29
41
43
27
7
-10
25
120
188
183
139
97
68
67
80
99
82
34
-4
-20
-6
26
44
56
59
66
85
112
118
107
122
151
153
136
108
107
108
92
70
64
80
90
60
12
-3
-1
-22
-40
-20
16
28
52
93
134
137
91
42
45
87
74
1
-58
-58
-24
-7
12
34
50
74
84
72
53
28
4
-18
-2
41
90
115
106
87
60
20
-20
-35
-27
-19
-56
-117
-139
-119
-73
-39
-18
24
58
41
1
-20
11
68
96
85
57
36
27
39
41
20
-23
-39
-6
44
84
68
33
20
33
82
145
178
164
139
129
129
134
115
61
-1
-41
-40
-17
21
39
41
55
71
81
74
60
51
34
12
-5
-17
-11
-2
4
7
17
27
19
-5
-7
-6
-27
-55
-43
7
41
37
42
57
44
6
-17
-10
11
45
83
91
51
-5
-35
-41
-42
-29
-9
-28
-88
-109
-74
-43
-18
21
35
17
13
57
89
60
2
-41
-23
43
92
93
59
35
32
32
21
-21
-58
-54
-19
6
2
-2
17
59
119
144
102
51
45
68
68
43
32
25
25
53
82
66
4
-30
0
55
75
51
4
-5
58
160
217
203
151
87
32
16
51
86
75
29
11
38
84
116
117
104
100
114
125
93
43
38
75
121
135
128
114
93
83
85
93
74
57
60
72
84
76
55
26
34
91
120
99
65
48
44
72
112
124
112
100
86
61
49
42
37
20
-9
-25
-21
6
53
77
70
60
56
59
87
123
130
113
89
60
40
37
57
80
80
85
89
69
77
130
163
155
115
70
60
72
67
16
-41
-25
28
58
51
20
12
43
72
72
67
76
60
21
-5
-18
-18
-3
9
-12
-50
-55
-34
4
34
38
26
24
34
41
39
9
-23
-26
0
48
81
58
27
26
44
54
26
-22
-69
-89
-72
-20
26
72
88
16
-84
-120
-88
-39
-12
-4
3
5
20
58
106
146
173
178
150
123
105
70
10
-26
-24
12
80
139
155
113
57
50
84
134
148
108
57
24
12
11
-3
-3
52
118
133
99
61
53
54
41
48
59
43
10
-8
3
53
100
90
29
-14
3
41
71
82
52
7
-22
-12
-5
-29
-40
-18
9
20
10
9
22
32
57
93
121
112
71
52
70
84
51
9
9
29
41
50
66
75
58
36
29
35
51
74
67
35
22
33
16
-29
-56
-3
104
163
134
77
36
19
33
54
76
98
83
33
-18
-35
-7
35
72
81
55
27
22
21
35
53
40
3
-8
25
53
43
20
20
41
68
96
97
53
9
21
49
71
80
69
44
26
38
74
101
102
104
116
104
76
72
92
120
129
114
97
72
37
18
35
68
71
58
57
76
89
75
37
28
74
115
114
99
69
11
-7
27
82
102
51
-22
-42
9
69
82
38
2
35
89
102
76
57
64
77
84
82
73
72
59
42
29
25
-2
-58
-91
-73
-23
27
69
85
100
113
120
130
115
88
66
42
10
-17
-18
-5
-3
5
12
12
25
64
72
69
104
136
112
91
114
122
99
76
75
81
83
84
71
65
68
54
57
85
122
132
83
51
85
144
165
153
140
134
117
86
45
33
69
109
100
56
25
50
90
108
86
37
4
13
43
40
-21
-89
-92
-74
-99
-105
-45
21
37
-3
-49
-40
8
51
41
-7
-51
-81
-99
-77
-52
-65
-72
-36
28
88
114
113
89
54
23
8
13
33
51
38
22
-4
-41
-72
-75
-33
35
73
64
29
11
27
65
88
72
49
26
9
12
36
57
41
-25
-85
-61
9
56
39
19
29
38
41
48
56
53
44
55
58
20
-42
-61
-36
6
34
32
23
25
35
51
67
65
39
25
33
29
10
-23
-35
-3
27
32
35
45
52
45
38
51
41
5
-17
-23
-21
-21
-21
-24
-23
-24
-34
-40
-42
-29
0
26
26
12
1
-4
8
2
-10
-6
1
-7
-29
-24
32
97
136
124
85
65
84
112
96
32
-34
-60
-17
67
104
71
52
69
71
58
44
40
41
44
73
88
74
53
52
85
113
99
55
