27
5
-3
3
-7
-6
43
106
138
135
121
76
-4
-49
-12
56
117
132
98
70
84
106
122
122
76
10
-26
-35
-49
-105
-131
-71
17
75
88
68
49
43
45
33
11
12
40
80
99
82
35
-5
-17
5
38
73
98
84
67
82
90
81
74
75
80
69
44
8
-21
-10
44
96
112
112
108
116
121
122
118
107
88
50
38
91
167
188
160
128
102
92
100
98
66
25
0
8
36
37
41
60
60
55
65
77
88
88
87
64
28
27
51
70
76
76
70
57
37
34
71
120
156
153
113
57
12
-2
-13
4
40
43
28
7
-8
-18
-13
23
84
100
60
2
-41
-43
-6
48
74
89
108
83
-5
-86
-87
-13
70
112
67
3
2
43
89
117
116
93
60
12
-28
-50
-35
8
49
82
70
53
86
113
92
75
91
104
57
-13
-41
-27
-1
24
38
24
13
19
32
26
12
11
22
34
44
56
60
64
49
52
75
88
102
108
82
28
-8
0
33
59
82
82
66
65
58
33
-20
-44
-2
67
90
71
59
75
84
67
65
70
82
81
33
0
27
69
87
61
23
37
43
16
-6
-4
9
10
2
8
28
51
64
53
25
-4
-37
-56
-56
-43
-23
10
41
61
80
99
100
82
80
96
80
37
33
45
28
-10
-23
4
32
42
32
20
39
51
35
28
43
54
38
17
8
5
-3
-17
-37
-39
-3
38
64
72
77
81
77
69
69
69
59
69
81
70
35
-13
-43
-28
-2
11
10
5
1
21
61
119
160
147
92
40
28
51
70
55
18
-5
-3
24
60
80
73
56
38
17
0
11
45
67
60
40
27
40
68
87
88
71
48
7
-42
-49
-6
21
-1
-39
-60
-40
3
27
19
16
24
24
7
7
19
23
25
17
2
8
44
83
101
101
108
116
97
48
20
38
43
38
48
45
28
33
57
73
72
69
57
24
4
17
35
41
34
5
-6
3
10
16
-2
-22
-11
21
75
117
114
82
36
5
2
-1
-4
11
34
35
20
33
86
129
139
103
32
-12
-4
32
56
73
89
90
80
75
80
81
73
37
-20
-39
28
121
157
120
54
9
18
44
72
83
52
-1
-39
-19
42
84
100
98
83
76
67
36
23
53
103
122
102
96
108
129
138
148
134
99
60
52
57
50
34
18
18
52
81
87
89
75
53
58
83
96
75
56
77
108
96
45
18
38
53
28
-4
-8
-3
-8
5
40
43
28
52
80
48
-23
-59
-30
22
38
6
-39
-44
1
44
50
19
0
-3
3
8
1
-23
-34
-9
10
5
-19
-46
-56
-49
-38
-43
-29
5
29
43
51
56
55
35
8
11
40
53
32
7
20
66
84
66
55
72
73
68
64
52
38
18
-2
12
51
88
106
101
100
109
118
115
114
108
100
72
54
24
-11
-3
50
105
122
108
102
100
88
83
87
87
59
21
3
33
90
129
115
70
41
36
34
40
52
58
68
82
96
87
60
40
43
66
74
68
55
59
83
113
135
133
115
97
80
58
41
32
49
69
74
74
57
18
-5
-7
6
21
23
8
2
28
74
93
77
54
36
28
36
24
19
41
85
121
129
115
88
52
41
71
101
97
67
42
27
33
53
88
112
104
86
54
22
10
32
80
132
169
178
145
64
12
43
112
124
98
65
34
24
45
58
57
58
53
49
44
50
73
91
76
64
60
58
56
51
34
9
-4
3
26
40
29
28
58
64
11
-42
-23
53
118
140
130
104
86
67
55
77
117
136
124
100
66
34
35
53
56
38
33
42
56
64
60
50
13
6
35
54
49
48
42
24
17
32
65
86
74
38
20
19
13
19
33
27
26
50
73
84
90
85
70
58
69
73
53
32
35
42
60
88
99
73
32
12
39
85
104
84
57
53
61
66
67
86
115
114
85
42
1
-26
-39
-20
12
21
-11
-39
-30
-7
8
10
19
25
26
33
19
4
21
53
68
53
40
26
20
27
50
54
27
-5
-20
-34
-29
6
57
88
67
23
8
21
50
73
82
64
21
-13
-9
22
55
74
71
52
40
21
-6
-2
40
84
96
89
74
49
29
37
56
74
67
19
-18
-17
24
76
90
76
96
137
150
140
144
135
107
66
35
25
11
10
22
23
19
35
64
87
88
76
69
65
50
38
33
33
33
25
36
65
76
57
32
16
1
6
24
12
-34
-61
-41
8
56
81
65
17
-3
22
55
68
66
64
54
39
18
5
17
28
10
-28
-45
-35
-7
0
-9
-9
5
18
22
33
42
55
66
38
7
6
18
23
35
66
81
65
48
42
27
-6
-40
-41
-12
2
-10
-22
8
40
29
17
26
55
73
57
35
41
60
55
36
40
68
87
75
59
58
70
83
88
91
100
105
108
87
59
52
40
20
21
40
51
64
81
87
91
97
72
21
-5
4
8
-4
-10
-11
-20
-43
-46
-7
21
36
36
19
11
23
33
27
-1
-53
-86
