102
49
16
37
68
41
-39
-104
-105
-25
86
160
154
107
66
54
58
57
49
35
-6
-75
-90
-19
70
112
114
120
115
82
57
61
70
55
34
16
20
33
50
73
68
43
36
43
68
75
56
27
16
23
48
51
22
-3
-2
36
86
123
124
107
90
80
68
54
57
73
81
81
68
44
40
51
77
91
76
65
75
86
84
75
45
10
6
25
77
116
132
133
146
177
196
205
226
243
246
242
220
184
135
98
86
68
43
18
-5
-21
-6
6
16
24
33
37
58
89
72
44
43
54
69
65
11
-39
-37
7
59
59
18
-22
-53
-84
-122
-125
-110
-123
-142
-165
-201
-212
-167
-100
-54
-25
5
4
-35
-67
-81
-104
-120
-102
-69
-52
-57
-61
-49
-26
6
53
74
58
10
-44
-73
-87
-97
-85
-55
-37
-40
-37
-30
-41
-54
-44
-5
24
-6
-43
-34
11
38
24
-25
-58
-19
34
38
35
48
61
56
22
9
36
53
49
53
65
49
18
12
39
58
50
17
-19
-36
-22
-9
-7
-8
1
3
6
40
81
96
82
65
74
103
105
68
35
23
8
-27
-37
6
76
140
154
108
71
83
122
154
149
118
91
66
38
23
39
72
100
92
59
43
51
45
50
82
117
122
121
138
164
169
153
120
103
99
100
74
16
-11
20
55
41
-2
-12
19
66
100
113
96
68
48
58
88
92
56
29
38
49
37
32
39
42
32
9
-1
-12
-11
-2
-4
12
42
38
-6
-21
17
71
114
119
86
54
48
49
58
69
56
35
17
7
12
52
89
90
85
83
76
69
66
55
19
-7
-12
-4
32
88
128
116
65
33
64
97
112
112
85
36
6
23
52
67
70
53
20
-17
-21
-3
-2
-29
-69
-68
-8
56
89
88
74
71
72
75
87
85
67
45
22
-1
-6
3
11
-4
-14
4
41
84
97
83
49
19
7
19
44
66
53
21
-3
1
21
48
70
97
120
135
133
106
76
67
55
50
51
67
92
104
89
73
76
101
112
109
90
58
55
68
48
0
-9
24
50
60
81
86
61
32
51
123
172
144
86
61
58
57
44
10
-41
-50
0
60
97
103
89
84
103
116
114
129
138
118
89
116
168
186
154
112
112
146
163
151
137
162
171
134
85
45
7
-13
-10
-8
-23
-50
-55
-13
41
65
72
101
122
137
123
85
73
96
114
86
44
26
-1
-18
8
64
81
61
53
55
45
32
28
66
112
118
114
135
140
128
108
114
156
217
236
203
149
135
168
197
184
162
138
113
84
56
34
36
56
66
66
68
98
131
128
101
66
34
5
-5
9
41
65
55
12
-10
2
25
35
38
35
27
13
-2
3
27
40
-1
-74
-122
-152
-193
-187
-126
-77
-82
-94
-70
-34
-37
-78
-76
-39
-20
-42
-73
-68
-38
-25
-29
-6
48
82
72
34
-27
-67
-28
9
1
-20
-19
-5
2
8
-4
-14
-2
22
1
-35
-34
-3
21
7
-25
-35
-27
-49
-66
-33
19
53
69
76
74
64
53
49
65
97
113
80
32
21
26
45
61
50
42
41
49
64
67
75
76
50
32
74
148
169
120
64
56
88
98
61
-7
-27
24
84
101
82
42
26
59
99
84
48
51
74
91
69
20
5
56
129
156
140
106
91
88
85
72
50
32
34
52
66
60
52
40
17
1
-18
-36
-13
16
26
50
77
86
71
53
52
61
72
77
73
65
50
39
32
48
99
132
102
43
10
21
58
85
80
54
39
38
39
35
37
52
75
89
85
80
108
168
217
220
181
122
80
70
86
106
97
19
-55
-51
-19
-3
11
23
36
51
57
43
17
9
19
20
11
10
21
19
-1
-18
0
44
73
81
76
80
68
53
77
119
137
119
75
38
8
-24
-28
27
85
98
92
74
42
16
-2
-5
19
50
56
59
73
81
86
112
137
129
86
53
26
13
25
28
0
-18
-14
-6
-2
-20
-45
-33
12
40
28
-4
-18
37
115
149
129
104
88
71
66
84
98
117
133
118
99
113
129
113
82
96
156
196
170
132
103
85
92
107
102
90
87
87
82
80
88
98
85
57
36
43
69
104
122
108
86
66
69
90
100
74
26
-5
19
74
116
115
75
25
-10
-25
6
73
109
90
67
73
99
89
67
60
77
92
76
42
33
41
52
40
41
54
41
-2
-35
-42
-29
5
65
138
194
214
230
257
289
296
261
215
180
144
91
40
37
68
97
106
93
68
57
99
156
167
140
109
107
107
70
39
54
84
87
56
21
2
-2
-27
-82
-115
-99
-72
-90
-133
-153
-135
-84
-37
-17
-28
-55
-66
-55
-70
-106
-126
-110
-99
-105
-106
-84
-71
-72
-53
-10
7
-6
0
24
17
-11
-41
-52
-55
-58
-39
-1
28
48
60
49
39
65
88
88
73
53
38
16
-22
-56
-57
-21
21
38
17
-19
-23
-3
11
2
-19
-29
-20
-12
-9
24
71
98
96
76
71
70
59
49
27
12
18
23
35
55
96
133
160
180
193
189
156
102
76
80
80
