296
309
320
338
353
345
326
292
256
228
231
241
230
186
138
116
101
55
4
-35
-66
-101
-134
-165
-180
-164
-152
-173
-198
-199
-174
-162
-187
-235
-234
-197
-169
-153
-137
-137
-154
-153
-130
-110
-108
-108
-100
-83
-75
-81
-67
-54
-61
-58
-52
-54
-68
-81
-54
-9
17
19
-7
-60
-86
-57
-14
8
8
-3
-1
3
10
36
72
93
85
44
9
-6
-17
-23
-37
-44
-40
-35
-8
40
80
90
83
71
54
25
24
28
8
-18
-11
6
10
8
11
33
66
84
69
40
38
69
98
104
92
102
129
125
82
27
12
11
9
2
3
5
-12
-45
-59
-37
4
25
43
66
77
93
105
92
65
49
19
-11
-18
0
5
16
58
107
118
81
42
44
68
82
81
73
69
89
122
134
128
105
87
91
86
64
52
60
75
118
177
202
186
144
113
118
112
72
43
48
72
101
106
83
56
50
51
55
67
67
28
5
28
91
151
182
185
168
164
180
192
177
123
61
41
57
72
58
35
12
5
61
152
210
228
203
149
116
118
134
137
108
68
37
24
24
49
91
107
105
102
103
101
93
59
29
36
49
26
-10
-24
-9
27
86
138
169
176
151
121
104
101
93
70
40
7
-4
13
32
48
97
136
146
138
123
101
76
58
55
56
52
51
56
70
104
130
124
100
84
74
55
59
101
144
138
101
71
58
45
50
65
45
8
-21
-33
-10
32
66
71
71
76
64
43
45
49
49
60
77
69
57
56
55
44
37
27
23
27
20
8
7
24
39
11
-14
6
57
85
72
42
53
97
108
80
80
81
54
18
24
68
100
100
81
98
168
274
341
331
311
311
280
256
292
340
348
314
258
213
204
234
261
233
187
167
172
182
167
136
112
81
44
12
-34
-69
-66
-61
-76
-89
-91
-86
-72
-69
-85
-119
-156
-171
-161
-131
-124
-155
-177
-137
-82
-61
-93
-141
-167
-147
-118
-120
-136
-135
-130
-133
-133
-108
-77
-66
-55
-42
-42
-41
-44
-39
-30
-36
-35
-19
-28
-62
-70
-39
-6
-10
-39
-61
-76
-90
-97
-89
-77
-66
-52
-34
-11
-5
3
39
77
100
103
70
24
6
43
99
115
100
69
38
44
82
107
108
87
37
-4
6
43
70
67
35
24
61
102
115
104
112
131
129
102
102
122
122
108
104
113
101
49
-4
-25
-23
-7
25
60
89
104
104
102
92
105
147
177
149
68
-11
-42
-11
43
71
67
58
77
102
98
102
119
112
89
96
105
80
42
28
16
-5
-5
43
117
151
137
118
119
124
139
163
179
180
161
147
151
148
124
103
74
53
56
66
61
41
36
53
72
80
65
49
38
49
74
96
97
65
11
-19
-21
2
32
28
26
44
66
52
6
-17
17
69
82
69
57
60
71
86
99
119
160
180
165
155
165
181
193
210
217
227
240
259
272
241
188
168
181
197
197
165
133
133
155
181
178
138
99
69
42
33
52
84
101
92
71
43
7
22
97
137
101
41
12
25
81
140
150
109
74
66
53
42
36
22
17
25
33
27
6
-4
-4
2
19
34
27
8
-1
-5
1
12
29
53
76
72
57
43
32
19
17
57
102
90
38
-11
-44
-49
-18
12
6
-9
-10
0
6
38
77
74
37
6
5
3
-18
-42
-55
-52
-39
-13
-8
-28
-44
-26
23
59
69
74
65
12
-26
-29
-21
-21
-8
-8
-59
-116
-117
-71
-14
19
28
37
54
60
58
34
9
8
23
32
22
19
18
2
-11
2
19
16
8
3
-10
-10
12
29
48
83
104
98
82
76
106
124
99
49
35
59
76
71
66
84
121
140
121
65
12
25
66
82
70
40
23
28
25
27
44
52
43
33
23
35
52
43
11
-11
-24
-45
-46
-24
1
9
10
16
19
27
34
24
3
-21
-21
8
34
40
71
107
105
58
42
71
107
119
83
44
19
11
20
34
42
39
36
27
11
5
25
36
12
25
59
73
71
53
21
-2
-4
8
19
11
0
-11
-25
-30
-12
6
9
37
64
37
12
41
68
54
40
39
36
4
-10
7
20
3
-23
-20
2
4
-3
0
11
32
55
71
56
43
56
85
101
91
55
3
-20
-4
24
35
6
-4
1
8
17
18
21
50
80
86
75
57
57
75
91
84
65
58
68
86
92
92
77
75
106
136
146
140
113
75
71
83
85
77
65
44
28
18
4
7
50
106
124
100
87
87
83
92
115
106
75
44
19
23
56
65
43
18
-11
-28
-10
34
71
83
85
77
52
33
37
33
35
50
52
39
35
48
58
40
26
37
35
20
8
-3
2
29
59
70
52
25
8
-5
5
18
0
-18
-11
9
43
64
66
72
76
84
81
55
32
29
51
73
74
52
13
2
45
101
108
89
83
81
76
84
98
102
92
74
70
66
38
2
13
58
84
69
52
70
85
67
49
60
92
104
88
58
35
18
1
-19
-33
-27
-22
-24
-19
-3
16
23
24
34
51
66
70
57
36
24
9
10
