82
89
107
112
103
89
60
44
92
141
121
96
131
172
176
140
92
52
57
102
128
132
150
171
146
98
86
107
135
116
76
101
155
181
187
187
182
185
182
152
123
105
86
54
16
-19
-33
-28
-28
-36
-26
7
38
57
67
73
90
101
99
103
105
87
59
51
45
18
2
18
39
64
67
34
19
53
80
87
77
72
86
101
102
107
114
108
83
52
52
83
93
82
82
82
54
28
26
50
83
90
68
41
43
59
71
100
105
68
27
26
44
60
57
60
88
88
41
6
4
10
33
57
51
28
16
3
-8
-5
25
34
16
11
25
58
109
151
154
137
137
149
154
152
145
130
98
55
32
36
13
-29
-33
-2
16
22
17
9
22
36
38
40
41
49
64
64
37
-2
-24
-14
2
7
-4
-9
-5
1
-6
-10
-3
11
35
40
28
32
60
88
85
60
40
33
36
48
54
39
20
83
208
291
301
277
261
269
292
293
236
155
104
80
69
83
115
149
154
129
84
34
6
-1
9
1
-30
-65
-91
-68
-9
23
11
-1
3
-2
-12
-18
9
48
32
-25
-70
-71
-56
-53
-46
-52
-65
-58
-37
-12
6
16
18
2
-40
-61
-61
-65
-60
-55
-56
-58
-70
-97
-93
-100
-108
-100
-87
-77
-86
-92
-83
-73
-61
-36
-5
-18
-76
-137
-146
-100
-70
-76
-88
-86
-75
-55
-30
-22
-27
-50
-55
-23
10
3
-52
-97
-82
-52
-43
-45
-38
-29
-51
-67
-35
18
64
71
58
50
27
20
23
23
10
-7
-9
-1
21
51
83
120
153
137
81
53
84
123
134
106
80
44
11
3
32
73
92
68
34
13
25
52
64
41
8
-1
8
12
20
40
60
61
54
48
56
65
55
41
21
20
18
-7
-26
-28
-22
-13
0
51
109
148
177
198
203
179
152
163
176
136
65
16
1
1
11
26
36
24
4
-8
-25
-59
-91
-86
-61
-38
-26
-42
-49
-45
-65
-73
-54
-55
-97
-115
-101
-94
-109
-129
-133
-122
-124
-133
-105
-59
-36
-51
-68
-53
-37
-27
-25
-19
-10
-18
-28
-36
-29
-12
-4
-21
-51
-72
-81
-69
-38
-9
-9
-21
-33
-37
-26
-19
-34
-44
-20
20
40
32
11
-1
-20
-11
20
53
74
81
73
67
89
109
86
49
55
97
113
91
74
68
40
12
9
11
26
58
71
43
3
-9
9
55
82
80
65
40
3
-6
29
57
49
42
37
42
73
100
93
66
49
40
55
90
108
90
68
89
134
160
136
82
33
29
56
84
90
74
67
82
77
55
57
84
85
42
-2
-6
27
58
57
49
60
87
98
82
49
33
59
96
96
59
40
40
50
59
59
41
21
17
33
42
13
-8
16
51
82
84
69
67
85
116
145
146
130
113
98
101
148
225
277
278
260
264
294
307
278
235
219
213
192
161
137
131
135
136
136
152
139
104
90
71
59
75
88
84
84
84
86
88
65
26
12
11
5
4
24
52
66
57
42
41
39
39
43
40
40
43
35
23
33
52
51
34
52
89
104
80
33
0
3
32
37
9
-28
-42
-40
-42
-50
-53
-56
-50
-40
-45
-76
-115
-103
-69
-66
-92
-122
-136
-132
-106
-70
-41
-27
-41
-66
-57
-29
-10
1
23
38
24
16
16
19
16
11
21
38
34
18
-2
-3
23
55
75
80
74
71
58
59
82
107
106
86
68
69
86
96
83
52
29
28
37
50
52
54
64
71
70
41
3
37
102
121
108
92
82
85
120
163
162
107
51
26
24
22
24
25
32
42
64
66
67
80
86
72
59
64
75
93
99
92
75
60
55
33
2
-1
0
-10
-19
-35
-41
-17
11
9
-13
-12
11
36
58
56
44
37
24
28
37
16
-6
1
13
-4
-35
-19
29
58
56
49
68
99
108
100
84
85
97
80
41
16
2
-17
-38
-22
8
35
51
48
29
38
50
49
57
75
67
24
-7
-6
17
27
18
1
-4
3
20
39
51
36
29
56
77
80
81
71
53
50
69
88
85
73
57
32
20
39
53
50
50
35
16
8
9
12
21
40
67
86
76
37
-2
4
17
25
35
49
67
48
17
22
37
52
72
103
128
128
98
50
25
38
57
65
53
34
26
26
34
66
99
113
117
114
86
68
49
10
-10
3
29
40
39
43
53
44
24
23
26
22
10
4
5
5
9
20
52
86
87
71
64
59
42
32
37
55
50
43
60
80
71
66
88
92
70
51
68
82
75
68
32
-12
-28
-11
18
22
-4
-8
12
12
21
48
53
35
13
18
40
52
38
18
10
13
10
-14
-25
-18
-11
7
27
26
25
52
83
82
64
67
92
113
105
69
24
9
3
-3
19
56
84
90
80
48
25
67
129
144
115
92
105
119
119
114
100
75
68
84
100
69
37
59
104
148
200
256
295
314
321
313
299
288
280
280
277
256
226
210
202
203
210
214
204
185
141
117
107
99
96
104
118
106
72
58
83
116
121
83
27
5
26
74
91
66
26
4
-7
-7
0
