52
57
44
27
25
49
82
87
57
26
23
29
17
4
6
9
28
59
75
73
54
25
6
18
50
54
37
11
19
51
55
41
57
70
53
40
50
71
74
67
60
67
59
35
16
28
58
70
59
50
53
57
49
13
-17
-25
-22
-25
-24
-19
-10
-2
28
66
72
67
83
100
105
112
130
118
70
27
21
36
48
38
17
-9
-12
24
65
65
36
12
34
91
117
99
70
49
36
20
4
10
43
73
69
49
48
51
35
19
21
25
10
-11
-13
12
51
68
51
53
88
108
118
118
122
114
73
34
45
99
125
112
99
98
82
49
9
-8
7
37
51
41
52
53
23
10
55
123
161
150
113
67
43
44
61
75
60
26
-10
-55
-69
-23
23
13
-12
8
59
88
100
99
73
38
19
27
42
44
27
17
32
59
72
61
41
32
36
42
48
42
21
24
64
90
88
90
106
116
99
68
53
65
69
51
33
48
69
70
58
81
120
138
109
74
65
74
90
104
105
80
50
42
69
101
101
71
39
28
33
28
23
8
-17
0
54
97
93
65
40
41
76
119
117
84
55
41
29
22
25
37
40
-1
-68
-85
-28
28
27
0
6
42
72
81
57
26
22
39
48
35
10
-18
-42
-40
-2
37
59
52
35
42
59
64
65
65
72
60
12
-28
-44
-37
-22
-24
-52
-86
-94
-68
-14
28
50
20
-26
-21
37
72
64
38
42
67
50
-4
-38
-24
20
58
73
69
65
55
59
76
71
42
32
56
90
100
85
55
4
-27
9
52
48
24
17
37
67
88
100
98
81
68
58
48
8
-38
-44
-19
10
23
27
52
66
53
50
44
24
9
20
35
27
10
7
25
54
81
57
16
-3
25
82
105
96
80
70
76
89
101
105
103
108
134
132
100
58
10
-7
35
103
115
64
32
41
81
118
137
139
139
155
163
133
98
91
114
123
109
71
24
-2
10
48
65
51
24
6
17
40
70
91
87
55
26
24
22
8
7
33
59
65
38
10
16
24
26
34
56
83
85
72
68
83
107
121
116
104
80
57
45
50
85
120
120
90
56
51
61
67
53
41
42
43
66
90
80
43
26
34
41
58
74
82
67
42
37
50
60
55
50
49
28
10
-1
-20
-42
-51
-29
7
45
73
86
101
115
99
53
0
-24
-1
21
27
21
-2
-27
-12
33
54
48
21
8
1
0
4
-5
-11
-9
0
6
8
17
10
-13
-21
6
36
42
42
57
71
70
51
26
5
3
12
24
19
8
5
24
49
58
84
114
119
98
73
69
56
26
-1
-18
-22
-22
-9
28
81
85
41
22
45
57
37
25
26
8
-26
-34
-22
0
24
27
21
33
59
51
18
33
89
115
98
68
52
35
18
20
39
54
51
34
10
9
34
69
97
102
96
87
73
68
76
85
70
28
-20
-52
-37
16
65
83
85
74
59
54
61
71
56
25
3
-11
-20
-18
-20
-43
-38
-2
-1
-22
-11
17
28
26
49
75
90
77
60
58
70
60
18
-40
-73
-70
-43
-17
-2
-2
-6
10
19
1
2
34
70
82
39
-5
-1
33
38
12
-3
-1
-2
-17
-11
11
11
-17
-25
-2
44
91
100
76
56
44
48
59
68
44
-3
-29
-26
-6
21
36
33
43
69
80
61
42
41
68
119
153
135
74
35
44
76
102
104
96
74
24
-20
-2
68
113
103
76
69
67
69
82
75
41
25
25
34
38
39
54
60
80
101
104
87
69
73
105
137
145
131
102
96
112
120
114
90
57
50
77
102
99
88
92
101
107
108
101
83
53
39
43
48
34
17
20
56
90
99
103
103
80
40
20
23
36
41
34
25
28
26
12
12
37
40
35
33
34
40
48
67
88
90
75
77
101
107
98
81
73
88
108
90
41
28
43
43
20
12
38
56
69
88
122
151
181
192
176
149
141
132
102
52
9
8
59
99
80
33
16
33
58
73
85
90
75
57
48
27
-8
-23
-1
34
60
70
59
38
32
40
49
58
59
35
-4
-24
-6
35
81
117
117
75
39
36
48
67
71
43
1
-29
-14
32
55
54
54
39
12
-4
-3
11
34
38
28
26
49
82
86
66
55
43
23
12
16
8
-9
-18
-9
-9
-8
13
45
53
42
38
28
35
44
25
-1
-4
9
33
45
53
54
64
88
97
81
72
56
37
37
53
65
76
88
97
86
66
51
33
36
39
50
65
58
37
29
33
36
22
9
41
85
86
66
36
12
6
21
45
54
56
42
4
-20
12
75
96
75
59
49
40
41
50
64
66
48
25
38
67
65
26
1
6
18
-6
-45
-39
-19
-9
-12
-8
10
25
20
6
2
36
74
69
35
11
5
-3
-12
-14
-21
-20
6
56
83
68
42
39
59
98
146
183
197
197
192
178
168
172
166
133
71
20
0
-4
10
52
104
124
114
105
108
117
107
99
101
104
82
39
21
35
55
51
24
