36
4
-3
10
37
58
75
73
48
34
42
58
57
10
-51
-74
-36
27
73
92
83
55
41
56
90
119
112
87
75
77
97
121
134
114
83
86
102
107
99
74
53
50
55
70
90
105
107
89
57
41
34
37
57
90
119
122
108
83
67
65
51
25
5
-14
-36
-24
9
27
10
7
24
37
51
73
86
58
5
-22
-8
12
17
5
6
12
10
12
34
41
27
21
27
21
4
-3
8
10
-4
-18
-18
-5
8
39
76
92
100
112
118
130
150
149
122
107
104
104
87
41
8
24
68
93
90
77
73
81
91
103
105
83
51
27
8
-10
-9
4
5
13
38
40
41
44
28
32
71
113
115
80
51
52
68
86
88
88
91
93
88
84
75
85
116
131
104
65
54
82
109
119
113
133
155
168
178
169
150
147
156
166
146
99
69
102
151
171
167
156
139
112
81
71
70
59
38
13
8
21
49
73
72
42
3
3
53
92
88
60
59
93
124
121
102
68
32
12
7
7
17
22
13
-3
-12
-24
-24
8
54
53
4
-37
-29
5
26
26
27
24
5
-17
-28
-38
-37
-37
-46
-82
-118
-114
-74
-40
-17
-5
-1
21
35
37
38
33
9
-1
-9
-24
-38
-42
-28
0
24
39
50
48
43
59
73
68
40
17
2
3
13
36
68
81
64
12
-3
33
72
84
85
75
56
36
37
56
70
56
54
85
115
112
86
65
59
68
68
61
48
36
48
64
57
27
19
50
88
102
89
72
45
23
24
26
18
4
4
27
38
21
10
26
39
37
52
76
80
51
2
-24
5
52
58
51
51
54
51
44
44
77
109
100
65
41
37
43
56
37
17
7
-5
-6
16
55
86
81
45
41
84
112
98
76
89
120
132
113
92
104
112
101
85
67
38
-2
-38
-52
-38
-13
-3
-5
-20
-34
-28
-6
20
19
-1
-5
1
3
-1
0
6
4
-7
-13
-25
-41
-33
-6
6
18
36
59
75
82
88
83
72
73
74
84
105
106
83
66
52
45
67
92
112
101
82
68
67
84
99
89
68
59
54
35
-3
-17
-13
-21
-22
-13
-2
-3
-4
1
0
9
37
54
44
4
-35
-39
-12
9
5
-11
-7
17
37
48
49
59
67
39
4
7
49
68
49
43
68
73
72
106
148
148
130
106
87
68
42
39
38
24
17
24
44
64
53
42
64
91
104
99
73
61
72
77
54
36
58
86
89
70
39
41
70
93
105
105
100
91
104
121
119
87
84
113
117
100
72
49
40
45
57
55
58
81
89
84
85
99
117
129
119
96
56
35
53
88
100
68
27
3
-3
17
37
25
-4
-34
-26
19
60
60
41
40
60
81
81
73
69
67
57
43
36
36
32
28
33
21
5
3
21
40
57
74
90
101
113
138
164
172
165
154
148
146
148
161
171
167
133
91
65
51
52
68
82
84
77
71
71
69
66
67
66
60
59
49
26
10
-8
-13
18
66
74
43
33
54
60
49
54
81
98
99
85
71
59
39
9
11
42
67
59
23
-9
5
36
40
40
36
20
27
64
89
68
20
-2
-1
8
26
41
38
24
20
32
41
38
41
48
32
-6
-24
-8
22
33
28
36
52
68
59
37
28
50
71
65
44
40
41
32
4
-13
-12
-4
-2
7
29
56
82
108
123
112
93
88
83
55
26
28
43
39
28
27
7
-17
-25
-37
-44
-42
-23
-17
-34
-34
-2
38
42
10
-6
-2
8
11
22
37
42
35
9
-8
9
35
37
19
-13
-49
-57
-53
-46
-38
-25
-11
-2
7
25
28
13
6
3
3
-8
-35
-40
-19
2
-1
-18
-14
-2
-1
-19
-41
-55
-46
-23
-4
-25
-60
-70
-39
4
48
72
71
51
23
11
21
38
49
42
8
-24
-11
22
41
21
11
40
67
70
60
43
32
28
36
43
51
57
56
35
10
5
10
22
32
22
5
12
42
51
27
21
39
51
42
25
8
11
19
17
20
32
34
24
28
45
60
68
58
44
40
41
34
10
0
18
55
81
81
74
73
83
104
120
120
100
61
36
26
25
54
100
128
114
76
55
54
55
48
36
33
33
37
53
86
108
101
88
80
81
81
83
84
67
25
-21
-39
-18
27
56
51
34
17
3
-5
8
41
67
76
64
40
35
49
66
73
77
82
73
56
40
35
28
35
55
70
80
75
44
23
43
90
116
92
59
52
60
68
67
43
0
-30
-33
-11
10
20
9
13
53
102
121
103
70
45
38
45
57
65
88
114
118
118
145
181
171
104
55
66
97
96
72
51
42
44
64
88
96
69
37
34
43
42
13
-1
26
66
68
50
58
87
97
77
52
42
59
72
65
59
56
58
67
71
51
45
68
87
80
67
66
69
81
104
129
138
146
134
114
100
83
58
49
54
50
57
80
109
129
107
83
77
75
84
115
148
136
77
37
34
25
-4
-22
-12
12
24
18
12
21
42
64
