64
74
49
25
35
67
102
119
123
123
121
119
128
135
124
84
39
19
24
50
64
26
-11
-20
18
88
122
96
50
50
96
135
139
133
130
118
104
90
58
20
12
44
70
56
27
26
67
102
102
74
56
59
76
86
61
33
11
6
38
76
89
73
43
25
34
36
11
-12
-24
-19
-9
-9
-29
-55
-72
-75
-59
-23
16
36
35
13
-12
-17
0
16
17
13
16
6
0
-11
-39
-51
-28
-18
-25
-44
-66
-56
-10
21
25
22
28
43
44
28
10
18
36
39
35
27
20
27
43
42
33
35
32
0
-20
1
23
28
37
65
92
107
104
87
85
112
145
135
85
43
35
51
67
56
23
7
23
38
21
17
20
23
42
48
20
7
34
60
59
39
10
9
40
74
60
5
-27
-17
11
11
7
27
53
44
35
42
39
34
48
58
56
38
10
4
18
23
-2
-34
-39
-12
34
81
98
68
33
49
90
89
61
61
88
114
100
73
74
100
123
124
114
113
115
118
123
106
68
48
67
112
128
87
36
16
9
26
57
58
42
36
37
56
81
97
104
97
83
76
71
83
90
68
40
36
42
43
48
67
99
125
128
96
69
72
89
92
82
81
76
60
53
64
68
76
98
109
112
124
148
161
140
108
91
72
45
59
100
106
88
67
49
40
52
57
40
33
65
99
92
74
58
76
131
161
146
117
100
99
106
119
117
115
133
150
146
116
85
83
88
90
109
119
99
83
90
105
112
113
109
105
87
57
42
57
56
23
4
21
58
85
85
60
28
19
28
44
53
49
36
19
7
-3
-2
8
20
27
16
-9
-27
-24
-7
2
16
37
37
17
0
-8
-13
-17
-13
-10
-5
4
19
26
10
-3
-4
-3
-1
-20
-58
-71
-57
-43
-42
-38
-26
-3
21
41
54
53
39
18
-18
-41
-52
-49
-24
-2
10
2
-13
-11
6
11
-1
-6
-10
-20
-22
-14
-7
-3
9
38
32
12
39
64
40
20
42
60
45
40
41
29
32
56
59
19
2
26
50
44
36
42
65
87
90
66
44
42
38
25
25
44
60
38
16
26
50
72
91
105
116
103
72
44
48
55
53
34
25
34
39
45
49
70
96
96
93
105
124
149
150
108
65
43
50
56
56
54
59
65
52
50
76
116
139
146
140
129
112
99
101
108
117
125
128
119
106
99
102
121
144
128
91
84
97
88
69
73
100
120
113
90
77
68
60
65
65
26
-6
9
38
36
27
22
20
32
55
72
69
68
75
85
88
74
56
33
5
7
21
18
21
37
49
50
34
29
54
74
70
53
25
-5
-20
-9
6
10
33
66
60
33
23
39
56
66
76
106
139
147
117
75
66
71
52
8
-26
-26
1
6
4
5
-4
2
32
58
71
70
66
59
69
83
83
75
85
104
101
70
40
23
8
10
39
55
49
39
54
80
85
68
49
42
50
54
57
54
42
20
8
28
60
83
86
65
25
4
13
60
100
86
67
67
88
120
119
105
119
128
122
98
65
56
58
52
49
36
4
-12
-11
-11
-11
-9
-3
12
32
39
36
39
50
50
37
26
28
38
26
22
39
38
32
59
85
75
74
89
88
72
69
80
67
44
50
65
57
22
-9
-6
11
19
10
0
0
16
44
59
45
33
34
43
51
37
10
-6
7
28
34
35
33
41
56
58
44
37
50
66
83
90
83
66
44
36
39
55
76
68
41
51
86
115
129
109
73
54
52
55
53
41
33
34
40
37
33
36
35
32
33
53
73
67
48
41
37
34
33
10
-11
-17
-9
-3
-11
-24
-18
27
88
120
130
135
145
153
155
167
172
161
130
114
121
130
133
130
109
96
105
124
118
98
77
70
77
83
82
86
85
67
72
114
146
135
104
71
60
50
20
-2
-8
-9
-4
25
50
44
25
11
16
40
85
107
84
38
7
9
20
1
-26
-42
-42
-35
-25
-19
-11
-12
2
23
45
72
92
97
85
85
80
55
25
18
19
36
50
48
34
26
44
75
92
88
72
71
81
86
70
38
1
-9
7
37
56
54
29
4
8
42
68
72
55
35
29
36
33
16
-10
-29
-37
-23
10
45
48
28
20
23
49
66
49
26
23
34
28
0
-27
-52
-58
-36
-6
-17
-54
-76
-62
-13
24
22
0
-19
-24
-4
8
-1
-12
-21
-10
20
37
5
-50
-26
50
90
89
66
36
16
8
28
52
53
26
7
9
29
60
82
89
114
128
92
57
67
101
109
92
70
53
76
120
122
88
54
28
23
43
84
103
68
16
13
55
84
100
85
54
41
41
32
40
56
60
65
71
83
93
90
85
72
70
69
44
19
19
65
100
105
90
69
56
75
84
67
52
48
48
35
16
2
0
5
-4
-34
-68
-74
-81
-81
-56
-29
-18
-14
-13
-11
-5
3
16
20
17
-11
-51
-37
8
36
27
0
-36
-45
-36
-23
-33
-37
-33
-4
51
101
