60
61
70
91
97
76
70
65
61
58
48
52
70
87
103
104
84
52
24
32
56
104
137
130
107
104
108
112
102
88
69
48
23
11
4
-1
9
25
29
41
70
92
99
85
67
71
86
75
53
53
65
57
50
52
57
60
66
77
85
67
48
40
44
41
39
65
75
71
64
56
54
59
74
73
56
44
24
-2
-4
19
45
66
87
100
89
69
75
98
113
104
71
50
64
86
74
33
6
23
67
104
122
104
65
38
39
42
23
-4
-23
-20
2
6
-18
-38
-22
19
57
55
21
5
24
60
85
82
66
64
84
99
64
10
-10
4
33
54
41
9
-6
19
70
109
107
65
24
13
34
52
66
83
80
40
8
2
2
7
13
19
28
50
65
72
75
84
85
81
66
48
45
48
39
18
4
21
65
88
64
25
19
35
39
37
42
57
82
86
74
67
50
36
42
66
72
64
26
-6
-5
0
-5
2
21
34
37
27
8
13
48
72
77
68
40
9
-1
13
20
11
20
32
44
57
70
91
103
91
71
64
72
64
26
6
6
20
56
101
107
83
70
88
116
117
86
64
44
25
21
32
43
53
55
57
49
28
11
6
28
59
80
80
86
108
115
93
69
65
58
45
60
75
60
37
27
27
35
50
69
88
100
85
53
28
9
8
38
77
97
71
37
20
32
56
85
89
73
56
53
64
66
45
29
44
72
84
60
49
36
13
4
22
38
42
66
96
100
82
67
66
65
53
21
-10
-23
-17
-8
-9
-12
-17
-3
25
44
43
49
50
44
49
66
72
70
89
108
88
48
20
22
33
28
12
10
36
75
116
130
118
107
112
114
97
67
64
76
80
82
90
91
84
74
54
26
16
32
48
41
24
13
7
-2
5
24
23
10
11
32
43
56
48
27
28
65
115
137
114
89
87
97
92
81
57
24
-9
-24
-1
18
20
25
37
42
49
51
43
39
38
19
-12
-26
-8
18
17
10
6
-11
-42
-66
-68
-46
-19
-6
3
8
9
22
51
80
80
73
65
49
39
27
-3
-10
6
6
-1
-17
-10
24
54
73
85
84
92
104
104
86
75
82
81
56
18
-1
-7
-22
-13
25
68
91
85
69
76
93
101
108
136
155
112
50
21
19
7
12
44
50
22
22
50
72
68
51
59
91
113
104
68
21
-20
-55
-60
-23
59
128
133
89
66
71
74
74
60
19
-22
-28
-13
11
18
-17
-43
-28
34
105
137
132
116
117
148
182
194
165
112
54
20
20
52
98
118
121
123
133
147
156
150
123
107
96
67
48
43
53
75
102
115
97
66
49
33
32
52
69
57
34
24
40
51
35
12
22
48
64
69
67
70
84
85
74
66
73
75
64
27
5
24
67
97
108
107
92
84
84
68
60
77
65
33
19
11
1
2
13
38
58
70
74
71
66
80
109
109
80
64
60
43
24
17
23
36
19
-10
-29
-39
-39
-24
0
6
-1
0
5
20
40
51
44
48
57
54
40
37
44
42
33
28
52
80
81
72
64
43
16
19
66
121
131
101
58
26
29
45
49
22
3
21
66
92
77
56
52
57
65
65
36
-20
-41
-11
24
39
22
19
64
108
118
102
73
55
66
67
50
35
25
17
8
7
21
41
42
36
55
87
104
98
81
67
55
51
43
19
-7
-17
1
56
121
150
137
115
96
84
80
83
91
77
45
19
2
1
22
48
35
-4
-33
-10
40
84
88
55
24
39
72
87
71
43
32
21
20
26
20
23
39
38
19
8
21
28
23
20
27
36
35
50
73
96
113
92
40
-3
-4
33
55
49
38
35
38
44
50
28
-2
-4
24
39
45
44
56
82
89
81
70
76
84
67
44
53
88
116
121
107
81
65
48
24
24
51
56
36
23
43
70
96
116
121
108
74
49
52
76
89
77
64
66
73
60
28
7
6
11
34
59
55
49
69
97
99
91
85
58
49
73
117
132
99
67
77
108
107
84
64
58
68
76
84
97
112
114
91
58
42
45
54
70
80
58
28
34
60
87
104
102
84
76
84
84
87
90
85
66
45
37
40
52
64
65
54
41
19
7
24
45
53
54
55
36
1
-24
-25
-9
-3
-20
-33
7
65
84
67
54
64
74
71
58
51
48
40
33
17
16
54
98
103
90
77
64
34
12
41
92
115
102
85
80
73
68
71
70
48
7
-9
11
39
38
20
20
49
67
54
27
29
52
65
59
66
91
107
92
67
59
83
102
107
101
83
65
72
98
105
84
43
9
0
11
36
54
65
61
53
54
70
81
65
38
39
52
43
32
54
75
67
54
65
65
38
8
12
27
40
48
32
12
18
37
49
48
51
52
35
13
12
7
-1
7
22
13
-6
-3
21
36
42
76
120
149
153
132
87
60
55
43
22
2
4
34
67
85
83
70
40
18
9
