71
70
53
27
9
-5
-14
-25
-27
-26
-25
-10
17
49
60
68
50
5
-34
-42
-34
-28
-39
-67
-99
-102
-60
7
55
70
50
22
4
-10
-17
-14
4
38
54
60
83
109
133
130
87
39
20
37
59
51
28
40
70
97
105
84
58
38
12
5
-2
-23
-33
-14
1
22
44
42
36
53
75
61
38
45
96
145
138
75
21
26
53
58
67
101
133
122
85
64
73
96
102
84
60
52
48
52
70
96
118
120
97
72
72
84
74
60
64
56
36
48
97
131
128
115
109
114
128
120
114
146
187
197
162
114
75
72
99
125
136
122
100
83
84
112
155
163
120
85
97
123
139
133
107
101
113
98
61
64
98
121
119
117
124
121
100
82
98
130
129
101
83
70
71
77
85
96
109
114
85
54
53
65
59
50
38
13
5
21
43
50
42
42
50
53
49
49
74
92
84
60
42
41
53
49
36
34
27
12
-3
-5
-1
-3
4
16
25
17
-4
-1
26
55
52
16
-22
-40
-23
16
27
0
-36
-43
-27
-14
-19
-11
-17
-28
-10
27
32
9
27
76
113
113
92
65
29
23
35
51
70
74
44
8
6
33
67
77
54
8
-22
-7
25
12
-7
6
21
25
50
73
72
51
24
28
43
38
22
19
40
70
98
99
72
59
60
53
44
54
66
49
33
41
50
60
84
90
82
82
89
85
77
83
102
128
115
82
68
60
55
55
45
36
42
59
71
54
26
27
61
80
56
-1
-53
-50
5
52
42
-7
-54
-84
-82
-39
-7
-22
-56
-69
-60
-52
-44
-35
-22
-10
-9
-18
-24
-22
-30
-72
-110
-100
-58
-24
-24
-34
-12
26
58
61
51
52
51
21
-11
-23
-25
-24
-4
17
22
9
-3
-1
19
32
37
42
37
23
32
51
67
65
38
12
9
11
9
21
43
66
85
97
92
86
70
34
-2
0
39
68
73
69
60
50
49
60
68
66
81
104
116
121
107
69
33
38
70
98
101
83
51
38
55
68
71
73
75
100
130
136
124
122
128
118
105
119
150
160
130
86
75
89
112
125
147
153
120
72
71
103
115
92
73
97
121
103
71
58
53
53
74
100
107
103
81
58
59
73
67
45
26
10
10
16
1
-10
11
51
71
72
68
51
33
48
73
81
67
48
36
44
60
59
44
39
49
58
41
19
13
9
18
29
40
36
22
43
91
135
164
170
150
120
112
122
138
132
104
80
65
48
26
16
17
19
19
25
33
35
42
65
72
65
52
43
55
60
36
4
9
44
69
70
59
60
81
98
81
56
48
54
70
91
106
114
120
120
119
117
113
102
82
53
40
48
60
80
75
44
5
10
72
121
117
89
72
82
103
134
136
104
82
85
100
104
90
57
42
66
73
40
9
24
57
54
27
34
67
85
89
92
100
99
83
64
52
56
71
89
100
83
24
-23
-26
-10
-19
-35
-25
1
23
35
35
33
22
12
19
28
25
8
-2
-11
-29
-44
-40
-29
-27
-22
-8
18
53
67
58
50
53
56
42
50
70
45
-10
-51
-41
5
58
83
56
5
-17
-7
17
37
48
43
26
-2
-11
-20
-35
-25
-18
-33
-43
-6
57
85
75
52
18
-5
2
23
52
75
69
35
0
-13
-9
-6
-6
-2
3
16
26
34
27
18
18
50
102
130
103
45
22
58
91
69
19
17
58
73
44
23
32
43
54
57
65
85
106
107
88
70
67
75
85
74
38
10
18
20
-10
-35
-14
18
21
3
-1
24
64
86
82
66
42
20
4
0
20
56
70
50
25
11
2
0
4
1
3
25
50
36
12
16
35
43
48
66
87
97
83
68
70
60
53
71
105
119
88
42
25
40
65
97
100
57
36
57
92
133
153
130
80
35
10
8
25
35
25
19
36
48
40
52
74
97
105
101
75
40
21
38
67
87
99
98
66
50
55
58
58
51
40
43
72
100
100
71
42
25
35
51
49
19
-3
8
35
54
53
53
56
71
87
74
44
54
108
148
147
115
80
57
48
53
69
83
82
56
32
41
77
115
131
117
97
77
49
26
39
49
36
37
45
41
37
49
65
67
90
133
151
148
119
98
86
51
19
21
42
58
38
7
-9
-8
8
37
58
60
37
19
28
52
73
101
132
160
164
138
99
76
98
136
152
138
103
81
72
76
72
56
67
73
51
34
41
66
81
75
75
84
76
39
-2
-22
-30
-25
-11
-7
-17
-3
39
81
88
59
28
9
6
26
48
42
22
5
-4
8
49
69
34
8
43
102
122
98
71
65
65
64
68
73
76
67
37
23
44
68
66
59
72
77
73
75
89
85
64
60
76
67
32
12
25
48
53
37
17
18
32
53
64
54
24
3
12
33
29
9
18
43
42
19
10
27
53
61
53
37
32
28
33
35
51
86
128
139
114
80
57
71
91
89
70
48
41
58
71
69
67
77
