67
75
88
90
87
90
81
40
9
5
20
37
36
33
28
18
2
-9
-7
5
6
-9
-26
-43
-58
-68
-69
-67
-67
-71
-76
-70
-58
-56
-71
-85
-76
-50
-17
0
-3
-14
-18
-4
25
59
72
61
51
50
58
67
80
89
87
80
75
81
90
100
99
90
82
83
92
100
99
91
92
101
108
106
92
83
85
88
89
86
72
58
57
75
92
98
99
103
118
131
134
129
121
108
86
75
86
98
99
96
92
96
92
87
80
80
75
77
75
52
32
33
43
44
41
76
120
128
112
102
104
108
97
71
41
20
12
16
22
37
53
65
75
90
100
92
75
51
28
20
22
26
37
59
96
116
113
98
101
116
119
114
104
92
84
75
68
67
71
73
69
58
44
38
45
59
68
65
58
52
41
41
37
25
27
41
42
37
44
64
75
67
54
49
41
40
45
50
55
66
73
75
76
74
73
83
89
91
90
87
87
90
91
92
89
74
54
52
64
68
61
58
67
72
65
64
80
90
89
102
121
119
89
56
64
118
177
181
141
116
117
123
132
138
132
117
101
84
81
92
104
106
108
99
74
57
48
48
51
52
50
49
58
70
81
83
73
57
39
23
21
32
36
40
48
52
55
71
88
89
84
80
80
67
48
25
22
25
20
8
6
5
7
10
10
11
7
-3
-7
-4
-2
-4
-8
-11
-20
-18
-5
-4
-3
6
16
20
25
40
44
40
32
32
35
32
23
20
23
17
5
3
2
-2
-18
-49
-69
-29
33
71
65
49
53
64
84
122
145
139
116
87
98
139
173
184
183
184
176
157
151
156
164
149
120
114
123
129
124
118
102
74
54
54
56
48
42
51
55
54
53
38
10
-17
-28
-29
-22
-19
-24
-19
3
22
28
32
22
12
13
20
26
26
11
1
-7
-6
-7
-12
-19
-21
-23
-33
-49
-66
-70
-60
-52
-52
-58
-55
-38
-26
-21
-13
-5
7
11
8
11
17
17
32
42
44
45
50
42
25
18
16
12
10
20
36
41
38
28
27
24
13
13
28
39
39
29
16
4
5
7
10
22
32
32
33
38
49
57
53
44
33
17
5
2
5
7
8
9
11
11
3
-5
-3
-2
-5
-8
-7
-5
3
23
45
42
32
29
24
18
9
4
6
10
13
22
19
9
3
6
16
24
35
41
34
19
9
3
6
16
20
33
40
35
24
22
27
37
39
34
20
13
11
1
0
7
8
5
0
3
16
17
16
23
35
39
41
38
33
32
21
7
-1
-3
-6
-1
17
34
40
48
52
45
34
22
16
11
16
18
18
21
40
53
53
50
44
50
58
48
27
19
16
12
18
28
39
44
36
18
6
7
1
0
11
25
24
7
-1
6
19
27
36
33
21
19
25
27
17
0
-10
-9
-7
-18
-21
-8
7
24
49
67
72
65
56
60
65
65
64
58
56
51
43
49
66
81
84
86
81
77
81
80
81
84
90
99
101
92
88
93
108
121
129
137
150
156
153
150
147
135
125
122
121
118
106
86
65
64
75
82
75
74
85
99
101
74
34
13
39
100
153
166
131
88
73
85
93
87
56
19
5
8
19
49
86
106
106
104
98
86
70
50
38
50
75
90
80
53
50
61
68
56
37
20
16
36
74
101
91
58
37
35
48
54
42
35
32
38
48
65
86
99
87
66
44
39
28
12
8
17
22
25
27
35
39
41
34
18
17
27
34
29
25
28
33
21
12
19
28
40
41
22
7
9
23
24
22
24
22
21
22
24
18
-3
-17
-9
-1
2
-2
-6
-5
-1
9
27
38
32
13
7
19
28
26
23
18
12
34
55
58
44
28
34
43
44
44
45
43
38
33
36
43
43
36
18
-1
-7
2
21
43
49
44
51
64
72
66
51
44
54
70
75
59
40
43
52
51
53
49
28
9
11
27
29
22
20
22
32
44
64
75
84
85
87
97
100
98
96
91
84
73
71
73
76
80
77
71
64
73
83
72
66
67
74
74
64
40
27
36
48
35
19
24
42
50
50
43
44
70
114
116
69
39
44
68
64
27
-24
-36
-2
26
51
59
59
48
28
34
53
66
57
60
74
66
40
43
68
88
124
152
141
108
89
97
116
129
122
117
114
114
121
133
129
104
88
101
118
116
98
81
66
60
68
68
50
28
19
23
41
53
42
25
0
-12
-7
6
21
33
35
32
29
29
27
11
-7
-17
-12
-5
2
1
-12
-20
-18
-17
-9
-4
-4
-7
-4
0
-5
-13
-17
-13
2
20
26
19
6
7
8
3
1
7
5
-3
-17
-13
1
11
9
2
-6
-2
19
39
43
40
50
57
55
45
32
24
22
23
28
34
32
27
20
7
-2
-3
5
17
18
9
2
3
19
32
32
34
36
39
49
54
52
36
19
4
4
33
56
58
49
40
49
58
67
70
72
69
61
68
72
72
74
82
