22
0
8
44
68
66
51
53
72
91
88
58
33
25
37
49
42
27
37
60
68
54
48
60
75
81
67
57
60
58
40
35
59
92
98
88
75
71
70
72
75
85
90
88
77
67
56
51
52
53
55
60
60
52
49
51
44
42
53
64
66
65
67
73
75
59
35
16
10
21
33
28
8
-4
0
6
23
36
59
71
49
20
17
26
44
67
84
88
72
52
55
76
87
86
87
82
60
48
45
49
48
41
33
33
37
35
22
9
13
32
40
44
48
42
39
51
70
75
66
51
43
41
49
69
84
76
56
49
51
55
55
50
39
25
21
13
1
-4
2
7
12
22
32
35
29
43
57
58
55
37
13
-4
-8
0
-2
-4
1
21
43
56
57
56
60
52
12
-14
-19
20
59
67
49
28
26
52
82
72
34
5
6
19
24
33
40
41
40
55
82
101
102
90
96
87
72
57
41
51
75
87
70
44
40
57
90
98
76
61
56
49
44
40
26
16
23
33
40
53
59
66
65
69
67
49
27
24
27
24
9
-10
-9
12
25
24
26
34
48
57
60
51
39
39
41
26
3
-8
4
36
57
67
41
18
20
26
25
20
21
26
27
16
-5
-12
-3
9
18
18
7
-10
-29
-30
-6
35
54
32
-5
-12
8
33
50
58
42
5
-10
7
29
41
35
19
17
37
65
67
38
6
0
33
64
69
60
51
38
32
32
38
42
48
42
25
28
59
82
84
83
85
87
91
99
104
88
55
26
23
22
7
-1
2
-6
-10
4
36
65
72
67
68
86
99
101
103
104
97
80
57
51
49
32
18
13
12
17
43
80
84
84
88
89
75
59
51
43
32
21
17
7
4
18
36
32
21
33
52
65
66
61
54
32
19
22
23
17
18
25
26
35
45
53
49
25
7
10
27
42
48
39
28
34
61
85
84
71
64
51
34
21
19
24
33
38
52
59
53
50
55
56
44
42
51
64
74
72
57
44
49
65
68
50
27
26
37
43
41
38
36
34
35
39
54
64
59
51
51
52
40
32
25
33
52
82
86
66
42
41
55
67
66
57
44
41
44
53
66
87
109
122
123
116
113
115
112
105
96
80
68
67
69
70
65
50
48
55
57
53
50
48
26
-1
-8
11
39
41
21
5
10
29
50
54
50
42
38
37
41
57
70
70
68
59
60
72
84
88
65
37
33
42
41
42
48
37
33
49
67
66
48
39
70
107
104
71
42
38
43
49
53
55
51
43
44
57
71
68
64
60
54
59
72
82
86
90
92
80
66
59
55
50
48
37
22
2
-7
-10
0
23
39
34
19
17
38
55
54
43
18
-7
-6
18
37
40
45
76
92
73
51
39
25
19
12
3
-8
-20
-20
2
36
49
52
49
38
25
11
-2
-29
-52
-18
59
99
83
61
55
64
74
85
99
123
133
106
80
65
71
90
91
80
83
87
80
68
67
80
87
96
106
117
105
75
59
60
71
85
75
56
54
58
58
51
42
38
35
21
13
33
58
68
70
85
96
91
92
88
71
55
53
56
68
82
82
72
68
74
73
68
69
64
41
17
6
17
28
42
52
56
57
67
73
85
87
73
50
28
25
32
37
23
-5
-21
-21
-10
9
21
16
9
17
24
20
4
-8
-19
-28
-35
-36
-36
-28
-9
0
3
1
-4
-6
-6
-8
-1
11
28
44
42
32
28
43
64
77
80
67
50
49
58
67
66
59
54
58
64
70
82
80
68
57
52
58
68
74
82
83
83
84
77
64
53
48
28
10
18
40
65
71
73
76
85
85
72
50
33
19
-2
-20
-9
17
39
66
83
81
69
57
49
44
54
59
64
67
56
40
40
53
61
69
73
68
55
45
44
41
43
43
36
33
41
45
33
12
19
43
56
41
25
25
48
71
86
100
117
123
109
91
75
67
80
93
97
90
92
97
89
80
64
57
70
83
96
87
69
64
80
91
90
84
70
55
35
12
0
6
17
22
23
21
16
-1
-17
-14
-7
-1
-3
-10
-27
-33
-10
5
-5
-25
-29
-25
-14
-12
-24
-37
-35
-19
-4
-4
-13
-20
-11
21
59
84
96
91
69
45
51
59
51
26
10
2
2
7
23
41
66
87
89
85
76
71
64
36
10
8
20
36
42
36
41
52
60
55
28
18
41
65
60
45
44
60
76
88
92
88
84
85
84
73
64
65
82
102
121
130
118
100
85
88
120
124
97
83
83
73
69
67
64
68
84
106
115
103
86
97
114
113
107
99
89
84
84
87
89
107
138
154
139
128
135
133
109
91
87
87
99
98
82
72
68
68
77
81
67
57
52
55
54
37
19
16
16
7
-6
-25
-33
-13
-9
-21
-35
-25
2
12
6
7
19
29
43
35
-1
-34
-38
-21
5
28
35
29
20
10
4
1
5
8
2
-2
5
4
-3
