6
12
12
11
2
-8
-18
-20
-10
-4
2
19
28
16
4
10
24
34
37
40
58
77
89
88
81
77
71
57
51
50
51
44
34
19
25
48
54
45
39
42
50
54
64
68
68
74
73
66
65
64
51
41
43
41
21
5
5
10
11
9
25
54
68
57
38
33
41
43
39
45
59
67
64
56
50
50
64
83
100
106
92
74
75
91
96
73
49
35
39
51
54
59
71
81
86
93
102
103
103
103
85
60
68
86
90
89
89
74
58
60
83
100
105
98
89
90
91
84
72
71
74
86
87
69
49
29
20
22
40
54
39
28
45
60
57
51
38
26
24
20
17
19
27
39
38
28
37
50
51
50
52
50
53
72
100
117
101
73
65
66
69
68
56
52
51
50
64
86
93
82
72
72
77
70
54
45
42
36
26
34
57
74
71
64
56
48
27
12
8
2
4
12
21
33
51
64
65
55
52
68
82
89
99
100
85
67
52
43
42
43
40
36
34
34
33
39
52
58
58
55
49
36
18
-4
-22
-23
-11
-8
-18
-20
-12
-3
19
41
56
58
50
38
32
27
21
28
41
48
33
8
-4
0
17
37
51
55
50
35
32
45
67
69
60
54
51
37
26
39
60
74
86
97
107
102
84
69
60
64
66
67
70
64
42
38
52
60
59
51
35
37
43
41
33
39
56
72
85
89
86
84
82
70
65
69
71
58
37
34
37
34
22
24
40
54
53
45
36
25
33
53
56
38
32
40
69
84
60
21
-5
1
9
8
-7
-35
-45
-35
-6
17
22
18
17
21
32
39
49
53
43
33
22
25
50
68
81
91
88
71
59
55
54
54
54
50
42
42
60
70
53
37
40
51
80
102
99
80
66
64
68
81
89
70
43
50
71
74
67
60
54
58
80
98
90
67
41
22
25
43
70
96
113
118
113
97
99
113
115
97
70
53
50
57
68
71
71
69
71
84
89
70
39
10
1
3
2
-6
-23
-27
-19
2
20
23
22
23
22
10
9
11
5
-9
-27
-40
-51
-53
-36
-17
-7
-4
-6
-23
-37
-28
-9
2
4
9
10
1
-5
-2
1
3
2
0
-5
-14
-12
-2
6
11
11
1
-13
-19
-20
-17
1
3
-8
-10
6
38
61
74
91
104
103
104
100
86
75
72
71
69
68
74
89
93
90
92
91
92
96
96
88
86
82
80
91
99
82
58
48
41
26
5
-1
3
9
33
73
103
106
87
67
80
102
117
116
98
64
40
54
84
96
77
48
35
35
41
49
51
41
33
38
57
65
64
80
84
67
55
48
38
39
50
48
43
53
65
71
83
82
72
65
65
55
48
42
48
58
72
84
82
80
70
60
59
51
39
36
35
35
33
21
20
24
28
34
34
43
59
64
44
27
35
49
38
27
26
42
64
75
84
83
72
59
56
59
66
60
51
49
60
70
75
87
100
101
97
97
101
101
85
71
82
101
107
105
109
113
100
65
27
17
29
36
17
0
-7
-7
-7
2
25
37
35
28
22
19
24
32
36
45
43
24
11
8
10
19
27
36
35
29
27
36
58
75
73
60
51
43
50
49
39
25
19
20
24
35
50
53
38
26
34
42
51
53
40
33
42
57
60
48
27
29
39
35
19
8
-2
-11
-14
-6
9
28
37
45
57
61
50
37
49
66
81
92
102
93
84
86
92
108
121
116
101
84
70
81
99
100
89
81
72
73
73
70
71
71
52
27
21
27
28
1
-25
-21
11
41
48
43
42
53
71
102
113
99
74
43
29
27
13
1
3
10
28
49
44
24
8
4
8
12
19
23
24
22
24
38
45
41
43
55
52
48
55
66
74
76
81
83
82
73
55
40
39
36
33
40
49
43
22
10
18
26
41
49
38
22
9
0
-4
-2
1
3
10
22
35
45
43
50
59
68
68
50
12
-12
-6
23
44
41
25
9
11
26
36
32
19
26
49
54
35
18
11
22
44
65
60
38
17
3
-1
-2
-11
-29
-27
-12
-5
-4
6
20
24
20
17
17
22
24
23
26
38
39
32
28
35
41
50
52
55
61
60
45
35
32
27
21
24
52
76
76
61
50
43
29
25
35
42
40
33
32
32
24
22
32
40
49
37
27
27
20
10
11
25
40
43
37
20
11
8
7
12
26
36
40
51
69
82
84
80
69
69
74
66
48
27
26
34
35
18
5
22
49
48
20
6
16
24
35
72
92
71
40
34
54
73
80
75
85
82
69
80
116
165
180
178
180
197
211
197
163
135
123
146
173
195
187
151
146
160
155
161
182
195
178
140
123
135
145
147
138
130
114
101
84
65
48
34
36
54
56
52
64
85
92
74
51
32
20
-4
-35
-43
-36
-9
1
-19
-37
-42
-59
-75
-62
-24
-5
-11
-33
-44
-28
1
28
34
24
16
10
7
