-10
-13
-13
-9
-9
-14
-12
-5
-2
0
3
3
7
21
24
18
16
20
21
10
-3
-2
19
51
57
40
35
39
32
23
38
52
39
26
34
42
40
27
32
37
42
42
43
49
59
64
40
27
49
76
86
74
51
37
38
42
45
56
68
69
58
41
36
38
48
55
58
50
39
35
29
25
21
20
25
23
12
5
1
-2
-1
4
9
17
25
37
33
22
26
35
26
6
-2
-2
-9
-4
7
18
22
16
10
11
13
20
26
29
35
39
48
57
60
64
73
85
86
71
50
36
33
41
55
52
37
27
29
37
40
37
26
11
8
32
59
67
53
55
75
86
72
60
55
51
50
42
23
3
9
23
33
40
35
27
36
43
48
53
64
80
87
77
60
59
73
83
82
86
89
90
105
122
131
124
121
112
74
34
25
54
74
70
54
48
49
42
41
54
64
45
10
-5
1
17
25
25
12
12
27
38
39
39
35
40
44
48
56
67
71
76
77
85
89
99
103
90
74
68
60
50
41
44
60
76
80
57
44
54
60
50
22
0
-5
1
10
24
38
52
71
86
80
65
57
58
65
68
70
64
56
54
57
70
83
88
86
82
70
51
25
9
18
33
40
38
27
17
-3
-26
-41
-39
-29
-20
-22
-45
-60
-39
8
40
52
43
22
-4
-10
-1
2
2
4
7
12
18
16
12
27
42
40
25
22
27
25
17
7
13
27
28
20
6
1
11
24
32
41
45
56
71
74
64
48
34
21
12
19
40
73
99
99
72
55
70
85
85
71
55
48
44
42
42
42
43
44
49
59
70
76
84
83
69
65
70
72
65
58
67
76
67
40
34
40
43
39
28
22
28
48
54
56
69
80
85
86
70
49
35
28
38
52
56
45
26
22
36
49
44
23
-4
-14
-11
-4
3
3
12
40
53
48
40
42
55
67
68
55
29
10
9
19
27
28
9
-9
-9
5
18
23
7
-2
12
27
37
27
-2
-22
-18
1
16
28
36
35
43
57
69
74
81
82
76
66
54
50
52
57
57
44
44
70
92
97
91
85
73
49
23
11
10
27
35
26
27
53
72
64
36
23
27
38
54
60
56
48
44
54
64
53
28
23
38
48
44
42
41
42
57
80
91
88
83
84
89
92
104
124
134
130
118
113
117
121
115
101
83
65
58
57
53
45
51
56
56
56
53
48
41
40
34
37
54
58
39
16
4
11
32
49
51
48
49
61
71
73
70
52
41
42
51
53
52
53
58
74
89
97
90
85
80
60
39
28
32
26
17
18
28
52
66
66
72
89
103
82
49
28
26
36
43
37
21
3
-2
4
7
5
4
18
34
38
39
49
54
51
50
45
41
36
27
22
34
65
81
75
69
71
84
85
72
54
34
39
50
49
51
72
104
114
96
67
44
37
32
24
21
27
49
69
85
88
80
60
41
26
18
20
38
64
73
57
43
42
54
54
35
21
16
12
19
21
10
-5
-8
17
42
37
17
24
57
76
74
68
70
68
54
40
26
21
19
10
8
22
43
52
52
60
72
59
25
3
2
5
-2
-7
-8
-10
-5
18
41
52
53
55
65
83
99
98
83
74
80
88
92
83
56
54
72
80
66
52
53
71
87
84
72
68
68
64
54
48
41
44
49
43
39
41
36
12
-4
-6
7
20
32
48
58
48
24
5
0
9
19
17
5
5
19
37
57
70
75
81
71
45
21
8
3
-2
-1
7
26
41
49
50
43
43
52
44
28
27
42
51
36
21
24
34
41
42
41
28
21
32
50
66
74
66
54
50
49
40
34
39
57
67
50
25
17
22
37
48
38
26
33
43
56
73
81
81
74
65
56
52
42
32
20
23
35
42
42
42
42
42
36
25
25
34
42
35
10
-4
9
35
33
22
13
13
22
36
50
64
73
67
41
26
33
43
50
55
76
91
93
86
70
56
51
54
51
52
59
54
19
-13
-28
-10
23
41
27
-2
-22
-17
-5
-8
-25
-39
-29
3
40
56
51
45
52
50
50
61
69
54
39
35
39
50
44
20
4
21
49
59
57
52
51
53
66
74
84
83
57
23
5
2
1
5
23
44
65
72
70
68
77
99
100
76
42
26
34
43
53
52
38
26
38
54
55
57
64
57
42
52
84
115
121
113
102
98
92
84
76
87
101
109
115
101
80
66
66
76
89
92
83
50
20
8
13
28
42
56
57
38
17
22
64
86
64
36
53
96
117
105
82
55
48
73
90
83
81
87
86
77
84
98
117
131
134
139
163
192
196
176
149
130
120
117
114
130
153
160
146
138
139
135
125
124
129
114
89
74
75
89
100
91
69
49
50
65
71
64
38
17
28
59
72
55
37
19
-3
-20
-34
-43
-45
-52
-57
-54
-34
-12
-22
-43
-36
-11
-3
-20
-56
