60
50
27
-5
-10
21
53
51
23
11
3
-8
20
49
51
58
70
85
97
86
55
54
81
102
121
138
148
149
146
122
97
83
91
92
86
90
105
109
112
122
136
141
138
129
87
29
7
26
66
97
107
121
109
83
72
70
51
23
3
-6
6
18
11
0
-11
-8
10
24
26
29
34
26
22
26
36
29
16
-9
-40
-56
-49
-19
7
23
36
37
27
28
39
39
27
23
25
22
6
-12
-22
-10
9
21
23
28
38
39
26
27
37
34
28
33
33
7
-27
-37
-20
1
5
3
-1
-5
-1
5
5
-5
-18
-13
-2
-3
-12
-3
19
24
17
9
2
0
19
42
45
23
1
-5
2
19
29
35
36
32
24
21
22
24
33
36
32
17
5
-3
-12
-5
23
41
36
22
22
50
85
103
88
60
44
50
64
73
75
75
72
59
41
43
70
96
86
56
49
65
96
116
113
98
82
61
52
58
69
74
64
49
52
64
69
68
70
71
57
40
36
41
38
32
35
58
76
67
41
12
0
-4
-8
-23
-37
-29
-14
-17
-25
-27
-25
-36
-45
-39
-28
-14
-6
-6
-3
9
27
28
20
20
29
33
23
25
48
71
81
76
70
68
69
64
50
32
17
9
21
54
82
96
92
83
67
53
54
58
55
50
44
44
48
40
33
22
21
28
39
41
40
42
57
75
77
64
53
49
41
41
40
35
34
42
42
26
20
39
68
76
59
36
25
37
50
52
50
50
44
32
25
21
18
28
49
55
50
42
41
59
91
107
104
97
82
68
74
86
89
96
90
84
80
80
85
87
80
59
54
64
68
60
51
52
61
70
69
68
68
72
71
59
52
51
55
53
40
38
52
76
89
91
86
60
40
34
26
18
21
36
41
45
52
51
42
26
10
11
35
52
48
21
5
5
11
24
38
37
25
25
34
28
18
18
29
43
48
37
25
23
28
36
44
55
49
36
37
49
53
51
41
33
27
28
43
56
45
32
21
21
29
43
55
57
52
48
52
57
68
86
99
97
69
36
40
61
77
85
85
75
70
77
84
81
82
91
100
86
61
51
53
53
39
23
9
4
12
25
33
40
49
40
27
25
28
23
19
23
22
22
28
28
20
16
24
33
38
42
50
51
52
43
28
21
21
33
56
83
102
107
107
101
103
109
103
82
65
58
59
73
90
88
73
70
74
82
89
88
72
48
37
49
80
118
154
170
165
155
144
124
105
74
54
56
56
59
56
34
10
-6
-14
-5
12
16
-3
-20
-18
-12
-17
-3
25
40
35
24
22
29
49
61
59
49
43
50
38
23
10
6
10
19
23
25
33
38
44
38
22
22
27
26
24
13
3
8
20
18
6
12
24
34
35
24
11
17
32
33
18
8
10
16
28
32
16
9
25
34
33
42
51
45
41
38
29
22
12
13
17
20
28
29
19
17
20
21
27
38
50
50
41
43
60
72
65
43
28
22
22
35
48
42
28
21
11
-4
-6
0
-2
-13
-2
21
25
26
40
55
52
32
20
21
16
13
16
7
-4
-5
2
5
13
33
25
8
3
6
9
20
27
19
5
-10
-25
-23
-8
-1
4
8
11
19
23
33
45
54
54
53
51
48
48
52
70
85
84
82
83
82
83
96
101
81
57
51
60
73
74
75
86
105
116
104
77
58
60
74
81
64
40
28
36
50
64
80
83
80
68
67
68
64
65
67
56
38
19
17
25
42
61
73
74
66
52
49
53
65
80
87
90
98
102
97
96
104
109
117
122
117
102
89
85
89
101
117
123
117
101
76
60
59
64
61
61
60
51
37
28
34
41
41
34
24
22
27
27
28
33
29
26
35
57
87
108
101
80
58
49
54
72
81
72
54
39
33
32
43
60
71
75
83
73
50
40
44
58
70
80
82
88
83
60
36
18
16
22
34
33
33
27
18
6
-2
-5
-3
0
4
23
52
60
64
76
91
86
72
61
54
41
22
9
12
24
38
50
50
44
41
34
20
9
9
24
45
66
68
64
54
39
33
44
70
75
57
37
25
18
11
16
20
21
19
7
-9
-10
2
7
4
12
42
61
54
28
5
3
19
36
41
33
17
4
7
32
58
73
81
81
84
82
64
53
58
48
24
18
34
56
55
39
35
38
44
50
36
16
-1
-8
-1
28
61
70
59
49
56
66
58
55
57
64
61
52
56
70
87
100
97
96
104
99
53
-9
-30
9
55
66
40
5
-23
-36
-26
-3
12
3
-25
-60
-88
-106
-118
-122
-136
-147
-140
-129
-119
-113
-93
-69
-55
-58
-51
-26
-9
-10
-7
-13
-19
-11
-7
-4
1
4
-5
-19
-20
-4
10
8
1
18
50
76
91
104
112
106
92
86
93
108
112
87
64
67
88
102
100
90
98
112
121
136
141
150
164
165
147
128
119
121
144
154
144
134
124
121
116
