55
23
19
40
61
75
82
70
43
29
38
48
37
27
36
56
68
54
12
-10
-1
13
13
4
0
-4
-3
13
37
44
37
24
27
59
76
50
8
-9
-5
5
2
-4
-2
-2
0
2
9
3
-13
-7
18
36
32
17
16
32
40
33
32
42
49
51
59
69
60
43
33
27
40
70
89
68
23
-2
11
41
60
58
40
21
20
40
56
56
44
36
33
23
8
8
21
18
6
0
-8
-7
2
11
26
34
27
20
16
13
10
-11
-45
-56
-50
-29
-7
3
1
4
12
24
39
60
75
74
60
37
21
36
71
88
80
59
50
58
89
115
106
84
72
58
51
59
81
87
73
64
57
56
59
65
74
96
107
106
106
104
98
90
81
61
40
37
53
60
57
55
52
54
67
73
72
69
54
21
1
4
11
7
1
7
25
34
22
19
26
50
67
59
37
19
11
6
8
19
29
41
42
50
68
71
50
33
28
36
48
59
56
37
38
70
101
101
71
27
12
29
54
69
56
34
26
35
52
73
82
77
71
59
57
64
72
73
68
68
65
58
57
53
50
39
24
19
16
6
4
22
58
82
80
69
61
83
113
108
74
52
49
43
32
25
39
64
53
16
5
20
21
10
5
9
26
42
44
34
28
42
59
64
58
52
36
20
28
43
50
64
84
80
75
86
92
87
55
13
5
7
27
60
65
37
21
21
24
26
23
32
55
60
38
4
7
51
86
98
106
102
88
72
67
64
54
70
107
118
84
49
45
71
98
116
118
92
74
81
102
114
97
86
102
117
113
84
54
42
57
81
80
59
41
38
60
97
117
122
76
-4
-25
37
102
112
99
102
115
112
93
86
83
66
50
33
7
1
21
57
73
65
37
-1
-34
-46
-43
-23
-17
-20
-1
34
51
28
8
18
29
26
5
-12
-23
-17
18
56
52
12
0
9
19
10
-6
-22
-17
20
51
45
26
9
-3
-5
-17
-44
-49
-6
36
49
24
-20
-36
-17
16
36
36
17
4
24
44
29
3
-5
-10
-21
-24
-21
-37
-66
-74
-43
-1
23
33
28
27
36
41
39
38
42
52
51
33
18
17
27
41
53
59
60
76
93
86
74
98
123
92
26
7
56
122
151
131
98
69
39
28
39
54
43
24
37
59
60
42
42
56
49
32
32
52
73
90
96
105
128
129
103
89
88
75
42
8
6
40
91
97
61
32
33
49
52
38
26
10
9
56
107
106
84
60
51
51
49
34
24
26
34
43
57
65
57
51
49
37
19
5
3
7
16
27
44
40
10
-9
-26
-27
-6
17
26
33
51
50
33
50
81
75
56
50
52
56
52
39
32
21
40
73
88
99
102
91
96
104
76
33
32
50
40
9
-7
-12
-26
-28
5
42
41
22
6
1
21
35
27
40
74
107
115
105
88
72
66
68
55
24
7
16
26
51
73
88
73
37
24
67
112
108
66
25
27
43
45
56
85
88
58
38
33
32
26
28
59
88
82
58
45
53
68
99
116
100
81
75
65
65
84
109
114
93
89
96
97
104
106
86
67
60
66
71
67
42
17
26
74
113
106
55
0
-6
19
51
67
57
34
24
51
87
92
68
44
55
81
88
80
56
44
49
70
108
122
112
89
67
58
58
44
27
1
7
37
43
36
38
40
27
9
2
11
34
43
50
58
60
51
26
22
49
70
52
11
-17
-11
7
26
49
54
42
28
25
34
52
60
70
56
19
-5
-2
9
-10
-24
2
27
36
21
16
32
68
108
108
66
36
37
28
20
26
32
32
20
23
48
80
101
92
75
83
91
76
49
27
26
26
7
-6
21
60
64
41
42
43
59
106
131
90
16
-19
34
122
157
129
70
20
12
42
56
69
80
68
35
-7
-17
12
37
38
33
41
43
37
22
25
56
76
72
61
33
-13
-20
25
55
38
-6
-22
7
53
80
72
43
26
21
21
22
23
25
24
21
12
19
28
22
18
18
24
33
24
6
-5
-28
-53
-24
39
91
93
59
36
38
44
42
27
37
61
69
36
-12
-10
42
92
108
103
90
73
51
36
26
-1
-35
-33
-9
2
9
38
64
27
-4
23
84
106
72
39
42
76
101
89
66
51
40
48
66
52
24
26
50
74
100
114
108
89
82
73
60
53
49
53
65
68
83
108
119
100
60
65
84
81
65
55
56
70
74
64
50
43
48
54
57
41
16
8
27
33
16
9
24
49
59
58
90
148
179
157
131
139
153
157
163
134
106
119
153
153
91
32
27
76
132
136
101
75
82
100
117
145
169
154
121
107
132
165
168
139
116
131
153
157
163
172
144
74
42
82
138
164
149
92
40
29
37
48
58
81
87
71
52
49
26
-8
-13
6
21
2
-53
-93
-92
-62
-27
-10
-33
-58
-86
-108
-101
-70
-38
-40
-72
-85
-68
-54
-65
-73
-71
