48
49
49
42
49
68
68
45
28
20
3
-37
-54
-28
-18
-20
-10
8
34
48
49
70
90
80
69
87
109
106
101
99
107
123
121
99
98
107
114
130
148
161
160
161
149
139
132
105
82
77
81
92
122
136
119
116
132
155
162
116
42
5
23
50
67
73
69
66
67
60
55
52
44
28
29
34
25
23
44
59
45
17
10
35
56
58
42
19
9
23
29
18
-3
1
36
50
21
-26
-65
-70
-58
-27
-2
5
-10
-41
-59
-58
-54
-53
-58
-76
-91
-82
-61
-51
-54
-70
-74
-66
-57
-45
-33
-36
-54
-66
-51
-26
-23
-40
-59
-43
3
38
36
10
-7
-2
23
57
82
88
89
93
104
114
112
89
65
61
76
86
89
85
67
59
64
60
52
37
32
44
50
18
-5
3
21
28
20
10
16
16
7
-9
-29
-27
1
32
66
77
68
66
73
75
69
52
34
33
28
10
0
-5
5
6
1
0
-2
8
25
39
48
54
39
8
9
38
65
66
57
68
75
60
36
22
26
26
17
12
22
28
25
18
20
48
90
117
106
69
32
20
21
20
24
27
34
48
68
73
67
74
91
87
66
55
58
72
69
67
70
69
71
80
80
61
52
66
77
67
45
34
36
65
97
107
100
97
77
41
24
40
55
61
76
98
102
100
107
116
100
69
68
99
123
141
140
106
60
44
61
76
59
36
38
29
5
0
19
33
12
-22
-53
-70
-70
-61
-57
-57
-57
-50
-53
-52
-28
-5
-9
-34
-46
-53
-54
-38
-2
32
40
43
60
66
40
12
23
57
76
57
24
27
57
75
68
54
61
76
66
45
38
43
60
71
73
76
81
81
70
58
56
54
57
81
92
82
67
76
103
102
82
67
59
57
58
66
72
82
98
101
96
101
103
97
92
84
59
34
26
44
83
119
122
101
98
112
129
134
131
117
103
91
90
98
101
98
82
65
69
102
138
141
117
74
54
72
105
118
113
86
57
34
21
26
34
35
40
49
57
86
119
132
123
105
72
49
35
18
6
5
19
48
64
58
43
43
76
119
133
116
85
80
99
97
72
59
74
113
136
134
114
89
76
73
67
64
57
51
44
40
39
36
36
42
43
41
44
43
33
27
42
50
43
53
66
59
40
23
13
21
26
37
56
87
116
115
83
86
118
123
98
61
36
27
34
28
17
40
75
90
76
49
41
58
71
61
44
51
67
68
55
42
37
49
68
73
59
38
23
22
29
50
66
61
57
66
67
70
72
54
29
22
12
2
8
33
54
55
43
39
39
36
36
43
44
49
50
39
36
43
45
41
43
52
55
41
7
0
17
28
19
4
18
55
80
72
54
36
23
13
16
24
23
10
23
41
42
37
32
23
5
-7
-7
-7
-8
7
34
41
26
9
4
16
22
33
28
2
-26
-29
-18
-18
-19
-3
18
34
43
57
75
86
89
86
76
68
68
66
45
20
8
16
41
73
89
97
87
70
59
56
55
49
54
75
101
102
85
61
42
24
4
11
51
82
74
49
33
38
52
69
84
86
70
24
-24
-35
3
38
50
42
41
58
75
81
64
43
48
55
54
41
39
40
36
51
69
67
64
55
48
40
34
33
43
59
66
57
42
28
10
16
51
88
91
74
49
35
35
37
50
53
32
7
-2
1
34
87
115
101
71
52
37
38
61
83
72
48
40
73
107
118
106
91
88
86
83
65
33
8
-7
-27
-26
6
28
25
18
18
26
24
25
37
45
53
48
22
-3
-13
-4
2
5
18
29
17
1
4
11
11
13
24
36
43
28
2
-8
8
33
39
25
26
53
81
88
74
51
35
33
33
27
17
7
-2
-3
9
24
21
12
12
27
50
49
35
38
52
48
12
-3
25
68
85
74
56
50
66
88
102
105
102
97
88
86
103
120
112
86
68
72
84
90
101
107
83
41
18
20
37
55
59
54
58
64
55
49
51
41
18
1
-13
-23
-14
-7
-6
3
20
32
26
23
19
16
22
21
5
-10
-5
9
9
-1
6
23
19
-1
-17
-20
-12
-9
-9
-9
-2
6
18
27
49
70
71
64
59
58
67
91
114
121
129
130
124
115
96
80
76
89
82
52
23
10
21
34
35
41
65
81
81
73
59
51
55
43
16
5
26
55
68
68
51
34
25
48
73
76
70
59
40
19
13
28
36
28
19
5
-5
-2
18
38
50
64
74
65
67
87
84
72
76
71
81
99
80
23
-11
7
57
89
107
91
66
88
116
128
138
120
108
119
114
89
65
68
109
151
170
170
156
135
129
140
144
132
136
151
153
138
113
89
87
100
122
134
119
86
75
87
81
53
20
9
23
28
16
8
23
38
42
50
51
36
11
-12
-50
-85
-104
-102
-77
-53
-53
-58
-53
-45
-53
-62
-71
-84
-89
-61
-24
-12
-21
-22
-18
-12
-11
-23
-38
-44
-38
-10
1
