86
76
64
54
44
44
51
38
21
32
53
52
45
44
28
0
-25
-28
-25
-23
-26
-21
3
33
32
19
25
57
71
44
13
11
29
37
33
23
18
9
-1
-21
-45
-69
-74
-67
-58
-57
-44
-24
-17
-19
-27
-34
-36
-30
-30
-37
-29
-22
-20
-9
13
35
48
44
39
25
19
29
69
92
82
67
64
59
48
42
52
82
106
96
57
36
49
73
82
75
56
35
26
43
66
77
74
64
49
44
60
85
77
40
17
38
82
99
86
70
69
74
73
77
88
89
73
28
-7
3
44
75
73
72
82
85
76
53
28
24
40
61
69
49
26
24
41
52
42
22
24
40
41
35
33
34
34
44
55
42
35
38
42
44
38
27
28
36
48
60
68
54
32
21
18
21
41
73
103
106
88
74
74
64
32
18
27
41
48
48
44
44
43
39
49
64
68
52
35
38
53
59
64
59
61
66
59
67
72
65
38
12
10
22
27
32
41
45
45
66
98
103
74
34
7
21
55
80
71
41
18
3
-6
-4
3
9
5
-4
-18
-26
-20
13
51
52
38
35
48
66
84
99
100
91
88
87
92
105
92
58
50
68
76
64
38
38
59
64
44
42
49
50
48
50
44
28
11
8
16
32
44
26
-2
-2
19
24
13
8
34
71
70
37
8
-18
-33
-19
-2
5
6
4
8
20
36
49
50
33
9
7
44
87
82
39
5
-3
4
17
26
25
16
-4
-12
-6
28
71
93
98
99
91
83
72
67
69
83
114
122
92
55
44
70
93
98
80
58
54
72
89
88
75
69
80
88
68
28
16
22
23
12
10
38
77
93
98
93
87
77
68
68
74
67
40
33
51
65
60
45
55
74
75
58
42
41
35
19
4
0
-1
2
2
-8
-17
-12
-11
-1
18
24
23
17
8
4
9
23
29
21
16
13
28
59
81
61
28
10
8
6
1
-7
6
27
44
54
50
35
32
51
68
66
51
33
22
20
26
40
53
66
71
72
74
69
61
69
73
67
59
75
100
119
118
99
96
114
105
66
41
44
49
53
49
48
66
77
74
69
68
65
54
50
59
54
17
-8
-6
-5
3
26
52
59
56
52
49
52
66
82
96
81
41
19
23
39
50
40
19
9
20
35
34
20
32
60
86
91
96
88
72
58
43
36
25
11
11
36
67
90
101
91
76
60
50
33
11
4
9
17
17
26
49
64
64
55
56
60
49
20
13
49
91
103
69
24
2
10
21
23
25
33
43
48
37
36
48
49
40
34
29
27
24
24
38
64
86
102
116
114
102
92
72
48
38
42
40
32
22
13
-1
1
19
45
72
76
58
40
55
84
85
60
50
56
72
82
88
88
80
59
44
55
73
67
52
44
42
52
68
69
54
43
54
74
84
71
50
35
34
49
81
101
90
69
67
86
99
97
88
82
71
55
53
69
86
71
52
55
59
48
21
5
0
-3
-8
-9
5
25
25
5
-21
-25
3
37
52
48
38
39
50
54
58
50
25
3
4
19
19
7
11
32
33
20
22
49
77
80
56
43
45
68
90
87
74
86
112
124
106
72
64
89
108
96
60
41
52
64
53
45
58
69
68
61
57
44
37
53
67
66
55
49
49
57
60
42
42
69
82
67
42
25
17
9
9
22
37
42
39
26
12
-2
-9
-8
-5
5
17
17
10
16
33
59
73
76
75
69
66
54
39
23
24
34
44
67
87
97
85
72
69
75
86
86
83
80
83
73
61
67
66
51
40
40
43
43
44
67
75
67
48
32
29
39
48
53
66
74
84
90
86
70
58
65
75
67
43
19
-7
-10
3
18
22
26
42
54
49
37
27
16
10
23
48
56
39
10
1
20
45
55
50
44
39
25
22
28
36
36
36
25
12
12
21
33
41
50
42
40
52
48
37
34
28
23
17
9
8
18
26
29
26
24
12
2
7
34
52
39
19
22
52
71
65
43
35
39
42
28
8
-3
8
19
23
28
33
41
58
65
57
55
54
59
56
38
26
35
38
22
5
11
28
40
38
36
40
37
25
18
19
19
32
42
35
23
19
9
1
-1
1
6
9
5
3
18
37
48
50
55
61
61
66
60
44
25
2
-14
-8
8
17
20
21
23
32
38
41
43
50
70
90
76
39
12
9
10
18
21
25
35
40
37
25
26
41
49
37
12
-6
-21
-34
-38
-33
-22
-8
3
5
4
9
17
24
37
36
12
-12
-26
-29
-20
8
29
33
48
82
86
55
19
33
82
98
73
44
21
32
88
146
154
133
106
105
112
133
181
213
219
226
227
200
172
171
187
196
176
149
124
115
104
103
128
160
171
151
121
115
129
134
123
116
114
118
129
129
113
92
81
80
69
41
16
-1
1
16
21
5
-13
-12
7
25
27
24
21
19
6
-8
-13
-10
