50
28
22
-4
-34
-52
-27
38
70
52
19
8
34
66
68
52
28
-6
-42
-54
-43
-12
35
58
56
48
39
28
2
-23
-24
-7
-3
-27
-49
-51
-50
-19
17
21
-1
-33
-53
-51
-34
-14
-17
-21
-7
25
41
28
19
25
11
8
61
107
103
65
48
66
82
59
34
28
13
-5
8
49
83
86
77
58
48
53
52
38
20
4
6
22
33
39
54
66
71
57
41
56
61
73
89
97
97
107
119
113
91
89
112
117
92
86
85
75
67
73
96
120
132
131
120
112
87
73
87
93
85
83
77
58
34
23
38
53
36
11
2
8
21
28
41
52
65
74
84
92
96
81
87
120
122
96
82
88
104
93
76
74
72
67
57
48
33
22
35
75
106
101
71
49
44
45
48
49
27
-1
-6
-1
7
11
25
34
35
28
12
-8
-22
-5
11
12
17
24
11
-6
-10
8
12
-2
-17
-20
-12
-11
-9
-6
-2
7
24
43
50
35
11
-2
1
9
9
12
19
9
8
27
48
58
59
65
59
37
16
8
11
17
26
36
37
49
64
58
44
41
41
40
37
24
7
-6
-18
-28
-26
-9
9
18
24
34
44
60
81
82
56
38
40
54
69
65
36
18
24
35
39
43
41
38
33
12
-2
-9
0
28
58
72
54
29
28
36
34
24
19
36
56
52
42
42
39
44
61
73
72
58
44
48
55
54
56
52
43
51
59
60
61
64
51
41
48
43
21
13
34
56
74
83
74
64
56
50
38
36
41
49
55
41
20
13
24
42
56
55
57
57
40
25
29
50
66
57
41
35
34
51
71
83
87
70
67
80
92
85
57
51
57
53
43
41
40
42
68
90
89
86
83
67
40
23
33
66
87
83
56
35
25
36
45
42
45
68
72
60
52
50
51
65
91
105
96
65
48
57
72
85
83
58
51
71
83
74
55
40
35
27
26
38
55
71
59
32
32
60
84
69
40
22
12
20
41
58
68
68
61
56
39
18
8
7
26
52
56
53
52
58
72
72
68
81
87
76
69
76
89
90
68
44
53
56
58
69
74
71
49
32
37
54
64
57
48
48
41
40
49
65
58
49
38
33
32
40
51
40
8
-2
18
45
57
42
35
25
17
0
-3
13
39
59
64
57
55
58
61
51
32
16
24
33
26
10
-8
-21
-6
13
22
24
32
40
42
28
27
38
68
93
92
92
90
81
76
82
85
76
54
28
37
42
28
11
3
16
22
20
24
26
20
20
48
83
93
75
41
37
65
86
86
65
54
52
36
23
38
58
65
57
28
4
-7
-2
25
60
83
71
41
26
55
113
133
113
90
96
116
134
144
132
102
81
82
101
106
82
60
69
72
72
83
74
55
50
72
88
88
68
55
55
44
22
9
6
6
13
21
26
27
13
5
10
20
23
10
-9
-18
-4
18
24
26
22
18
8
-3
-5
6
1
-11
-8
-6
-9
-5
9
19
35
56
58
52
40
32
32
8
-23
-37
-25
-6
2
7
12
17
20
23
29
34
33
21
11
20
21
8
-2
0
5
20
25
22
7
7
23
28
21
-1
-14
8
52
73
69
58
51
48
49
51
43
26
11
4
1
9
17
27
42
45
34
18
11
25
44
41
34
25
22
19
22
37
64
81
76
69
85
105
109
119
121
87
50
43
65
72
55
51
60
71
76
75
59
39
13
-8
-23
-26
-12
10
34
41
54
85
100
99
82
65
57
59
60
65
48
11
-1
2
-10
-39
-57
-67
-68
-56
-43
-38
-42
-54
-72
-67
-51
-49
-60
-70
-74
-92
-116
-114
-87
-60
-49
-44
-50
-44
-34
-25
-20
-5
12
22
25
27
27
27
38
52
68
85
75
56
54
75
87
96
96
83
65
60
73
86
91
81
58
64
73
76
67
55
51
53
55
69
83
84
70
49
27
36
75
107
99
76
74
81
80
77
80
98
129
138
118
98
88
76
73
71
50
26
27
56
93
119
122
118
124
145
149
139
119
92
66
49
56
81
108
134
131
115
106
101
92
75
53
32
18
35
72
97
103
101
100
84
56
36
24
32
52
64
50
25
11
10
9
16
35
53
65
53
36
25
22
20
26
44
56
59
54
41
37
32
35
55
70
70
59
54
53
52
57
73
90
98
97
92
76
50
38
44
56
67
71
75
82
69
49
39
43
55
67
72
69
57
40
28
29
37
42
49
48
48
37
21
20
27
38
43
38
37
45
51
59
73
77
74
84
97
80
51
40
35
10
4
17
24
25
21
9
9
12
26
41
39
32
23
23
34
44
68
83
89
100
97
90
89
93
91
83
73
57
41
29
27
28
24
25
51
72
80
76
64
38
20
33
56
83
92
82
53
35
33
37
44
49
39
21
4
6
36
71
88
83
73
80
84
81
68
56
49
39
41
42
44
41
38
43
29
16
