53
33
58
86
99
98
99
88
73
84
114
133
131
115
96
84
81
84
92
107
122
128
117
96
76
69
72
86
92
86
66
48
52
56
40
26
53
86
84
57
48
60
72
86
93
93
87
80
80
73
64
52
48
43
39
26
12
1
-2
-10
-24
-26
-20
-30
-52
-55
-43
-36
-40
-56
-86
-109
-103
-84
-68
-52
-45
-46
-44
-41
-28
-21
-27
-37
-49
-53
-55
-56
-57
-66
-74
-82
-85
-90
-76
-56
-54
-55
-50
-37
-33
-12
12
16
-1
-12
-18
-22
-25
-28
-42
-56
-67
-61
-43
-34
-35
-33
-38
-35
-11
6
4
-5
2
24
60
89
72
35
17
24
37
22
2
4
26
51
58
49
38
36
35
39
53
52
35
23
24
42
68
82
85
75
58
57
72
80
61
25
18
29
28
13
4
12
27
38
36
21
6
13
45
61
64
67
57
41
41
42
52
68
76
67
55
58
69
84
102
107
105
102
91
85
99
118
123
121
114
102
112
119
121
122
121
116
113
118
129
138
137
106
69
57
66
70
72
82
102
112
108
96
80
83
83
88
93
69
56
74
91
102
106
93
84
89
90
82
69
60
59
64
82
103
103
87
81
83
80
68
59
67
76
70
54
38
33
35
48
56
65
70
60
65
83
90
76
42
26
25
19
12
32
58
66
53
51
71
80
68
41
21
17
20
17
18
13
11
5
-2
-8
-14
-17
-22
-24
-20
-6
8
17
4
-6
-4
12
28
28
25
23
17
7
10
34
52
57
66
60
44
36
35
44
53
57
57
53
57
66
58
61
64
64
59
52
44
41
43
59
74
71
69
85
97
86
71
59
54
41
29
23
28
44
64
68
68
71
69
69
73
64
56
59
57
52
53
66
75
75
57
35
16
25
68
90
77
52
40
51
64
60
55
52
48
37
25
33
53
69
64
52
57
64
56
48
42
34
27
13
6
16
39
60
64
59
49
36
43
71
80
67
50
35
22
20
7
0
6
27
44
38
28
32
50
67
61
44
21
16
33
44
53
64
75
93
97
77
98
125
138
122
85
64
54
44
41
49
49
53
73
86
73
49
28
32
49
57
68
74
74
54
25
20
33
55
73
75
61
51
37
26
39
66
71
49
26
23
40
67
69
66
52
21
-2
16
48
55
44
35
32
44
65
57
48
65
89
101
89
81
83
91
97
93
100
92
67
33
18
25
36
18
-18
-33
-29
-19
-19
-24
-27
-18
5
27
38
42
53
70
82
84
82
75
64
42
40
53
68
65
52
64
71
68
67
53
13
-11
-21
2
45
68
81
72
39
22
42
82
102
106
88
65
58
60
81
114
106
60
9
-2
36
66
61
49
54
105
134
81
7
-11
8
25
36
44
28
-1
-38
-36
36
97
90
60
53
70
65
37
44
72
90
91
74
64
73
116
151
137
82
49
69
106
97
54
49
64
56
24
-3
-3
18
33
60
98
97
64
36
29
64
88
86
57
20
-1
-3
2
25
42
42
65
92
99
77
48
11
-7
6
26
33
57
85
83
72
82
108
150
186
194
186
188
203
209
184
163
154
154
151
150
163
156
146
154
181
203
202
182
151
134
137
150
124
85
70
69
65
56
67
83
85
82
96
99
91
73
50
24
18
34
36
22
10
21
29
27
18
-1
-11
-7
0
-9
-11
-5
2
7
2
10
28
28
41
44
35
12
-4
0
8
6
6
20
37
42
43
41
36
39
64
84
80
53
26
17
10
16
5
11
56
73
53
18
-8
1
28
39
19
-5
-20
-17
-9
-18
-12
19
49
48
27
6
-6
-8
16
41
41
35
21
23
33
32
19
9
19
24
22
21
28
40
42
54
83
97
70
28
12
25
48
50
22
-2
6
26
34
35
36
40
49
55
59
58
52
57
56
45
34
6
-11
-33
-40
-51
-57
-49
-43
-53
-44
-20
-1
-10
-36
-26
11
41
29
8
-9
-23
-25
-20
-17
-21
-25
-22
-9
12
48
70
74
71
65
53
48
55
56
40
17
6
19
38
57
64
67
66
64
70
81
85
76
67
65
65
64
69
66
44
26
10
7
11
18
21
26
34
28
21
25
38
44
54
67
69
52
35
23
29
36
28
11
2
2
9
16
11
17
36
67
86
96
90
72
57
51
51
45
40
24
22
32
24
23
17
1
-2
6
23
36
34
22
6
-7
-6
6
21
29
39
41
52
54
42
43
45
42
37
25
1
-11
-3
6
5
27
81
132
171
173
154
164
194
213
205
186
166
153
180
209
212
204
187
163
148
147
145
135
144
170
176
136
102
101
121
161
171
140
101
66
33
33
48
56
52
36
5
-27
-51
-42
-29
-27
-22
-21
-23
-28
-23
-7
2
-2
-12
-39
-74
-101
-103
-94
-99
-106
-107
-91
-68
-58
-66
-76
-87
-101
-108
-94
-73
-72
-98
-113
-101
-71
-43
-38
-51
-72
-100
-121
-106
-71
-56
-56
-58
-49
-42
-44
