115
100
80
68
82
106
114
98
68
36
26
34
41
39
20
17
39
70
81
59
33
25
54
83
69
32
23
39
41
22
10
25
57
74
70
58
48
33
34
49
68
74
56
41
48
52
44
39
26
6
0
9
26
37
23
-8
-35
-24
18
49
42
9
-30
-59
-58
-25
13
35
28
21
12
7
16
26
35
32
16
-7
-20
-19
-17
-8
9
34
38
10
-22
-23
1
18
6
-22
-50
-54
-42
-26
-4
17
23
26
35
41
53
39
9
-10
-14
-4
10
19
9
1
10
27
37
37
16
-8
6
42
72
73
74
80
74
76
92
107
105
86
60
56
64
74
116
122
86
61
80
148
237
256
154
26
-33
-18
13
41
19
-58
-97
-61
-38
-61
-86
-44
34
76
49
-11
-67
-74
-29
35
68
56
44
51
44
21
-7
-9
17
48
66
56
43
48
66
70
68
73
56
18
3
8
26
58
88
73
23
-10
4
42
53
44
33
24
27
64
89
82
60
49
60
98
122
117
96
71
61
61
80
116
131
113
88
73
87
113
123
130
139
131
91
76
92
92
59
28
20
28
51
81
117
140
134
105
85
83
82
54
11
-10
7
50
100
134
130
113
113
138
144
97
28
-5
10
66
80
25
-23
-7
37
74
96
80
32
-2
5
25
35
44
59
59
27
-22
-75
-84
-23
52
98
109
113
146
153
89
58
98
114
57
-19
-66
-65
-37
-8
43
108
141
154
163
135
98
56
23
9
11
1
-24
-23
25
58
48
18
20
68
119
114
75
48
51
85
117
123
116
91
59
65
104
124
96
35
4
43
117
144
105
57
49
71
68
40
36
34
19
10
25
57
71
55
40
35
25
18
32
80
108
61
7
27
97
129
99
40
-4
23
107
139
92
12
-24
-5
53
106
88
-4
-104
-129
-39
54
58
12
-21
-24
-8
-4
2
4
19
59
85
67
56
64
52
41
59
67
23
-18
-1
24
13
-23
-38
-9
43
92
81
27
12
25
33
50
67
64
41
23
20
36
58
74
69
43
18
9
33
69
89
81
57
33
12
16
24
49
84
87
43
-9
-30
-9
35
72
64
22
2
-1
-11
-23
-20
21
81
107
83
38
19
29
58
88
82
48
25
20
22
40
58
60
57
71
106
132
138
129
115
115
124
119
89
56
24
-10
-56
-102
-77
21
120
132
73
45
73
108
119
109
107
105
73
37
16
10
40
85
96
56
23
21
35
35
18
5
-5
-35
-61
-60
-17
28
38
21
19
35
56
69
53
4
-12
16
40
42
44
57
75
81
74
55
33
24
28
16
-19
-44
-28
8
28
28
32
32
18
-3
-18
-21
-20
-24
-26
-22
-1
26
48
68
90
83
64
59
49
23
11
21
39
53
52
56
85
96
74
57
39
19
16
34
43
34
27
44
85
117
114
91
75
68
58
55
38
25
36
43
38
29
23
17
9
10
13
7
1
4
18
25
21
9
16
34
57
84
84
60
55
56
58
65
60
43
23
7
3
16
51
85
85
76
96
112
104
77
67
83
89
83
75
73
82
86
90
88
72
44
37
54
84
102
105
98
92
96
92
106
133
134
106
71
38
27
72
137
152
108
74
76
99
114
118
120
101
68
39
20
20
37
42
37
25
8
6
22
42
59
75
85
71
41
23
5
-9
-3
17
33
25
7
-5
2
19
24
21
22
33
35
22
11
19
28
36
29
33
43
42
26
24
38
38
32
33
22
16
44
83
77
43
27
51
83
92
85
70
54
64
77
76
64
52
60
76
88
100
102
90
77
72
84
97
90
76
64
39
18
18
48
73
75
51
24
2
-12
-18
-2
26
59
84
88
84
75
69
65
56
35
5
-18
-12
1
4
8
8
-1
-12
-13
-8
-2
8
-1
-13
-10
10
25
34
38
40
49
56
54
48
29
11
9
19
42
81
100
100
97
88
68
53
45
48
42
35
33
20
-10
-28
-4
37
59
54
32
8
6
20
35
45
40
37
50
54
42
35
41
65
84
90
90
98
99
72
32
8
28
69
76
53
33
25
32
33
27
12
2
7
25
42
43
44
52
64
67
60
48
21
9
16
22
26
26
39
53
68
84
102
108
113
112
103
70
32
11
22
42
49
26
-4
-18
-10
4
27
52
58
40
10
1
4
4
4
28
58
66
64
52
41
38
49
58
64
68
81
98
105
91
76
97
130
135
122
88
33
-7
6
49
59
33
-3
20
80
91
70
48
49
44
35
42
60
73
86
89
85
76
72
64
88
132
145
107
89
100
116
135
149
147
125
103
99
99
99
92
98
107
112
102
88
75
61
59
65
68
61
59
55
56
56
43
38
41
50
56
74
87
69
32
10
21
27
7
-22
-37
-41
-54
-61
-49
-26
-13
0
6
-2
-26
-39
-26
-3
10
5
-4
-13
-17
-3
8
0
4
32
50
43
32
22
9
5
6
11
24
42
53
49
