85
85
91
97
101
117
122
120
117
112
105
102
101
98
96
96
99
105
98
83
82
84
82
87
90
81
65
65
71
71
70
71
69
60
60
68
75
73
68
69
68
61
53
39
24
19
21
28
29
29
43
57
58
56
61
66
59
51
50
61
81
90
83
70
56
50
54
65
66
54
43
42
45
43
42
43
40
33
38
45
44
34
34
41
51
43
26
21
28
32
22
20
19
20
27
37
26
17
25
51
64
48
25
22
35
42
48
39
28
22
32
45
53
43
35
27
13
1
1
0
-1
-2
0
2
4
6
3
8
25
33
23
6
-5
-12
-13
-4
-2
-4
-3
3
7
10
23
50
76
80
59
52
69
91
102
98
73
52
44
45
55
69
76
89
101
96
75
60
64
80
92
91
72
48
35
52
80
103
105
90
76
68
64
54
39
25
19
24
28
27
29
37
41
25
11
16
35
50
48
32
17
12
17
22
35
51
58
56
51
52
49
33
26
32
28
28
17
2
6
26
40
36
19
4
2
18
28
36
35
32
32
27
18
11
20
26
23
11
-2
-9
-5
5
19
28
50
71
92
106
101
93
87
74
57
55
59
65
69
72
68
60
54
43
32
22
24
32
18
-1
-4
10
32
42
55
76
88
83
58
43
57
84
86
55
34
32
28
24
23
24
27
32
37
44
43
24
5
9
35
58
66
64
65
61
57
53
52
48
36
33
39
50
56
58
65
71
82
82
72
64
53
48
51
59
70
69
57
41
23
22
38
50
48
40
38
50
51
41
33
35
51
59
50
32
13
8
7
9
12
17
26
41
49
53
56
59
69
59
26
-4
-23
-36
-37
-24
-11
-2
2
11
5
-9
-17
-13
-9
-6
-5
-9
-21
-23
-19
-10
-2
5
13
20
9
-1
-2
0
6
22
41
52
42
23
8
9
17
13
6
3
1
3
4
-1
-3
5
18
23
20
19
29
34
25
26
43
67
74
70
70
76
83
96
102
105
103
101
99
99
101
113
129
134
128
119
107
97
92
96
85
72
64
54
53
52
54
65
61
50
37
40
54
67
73
69
67
64
68
83
88
89
87
81
82
87
87
84
83
82
69
52
59
83
98
98
84
80
89
105
105
86
74
65
56
68
86
93
97
105
124
139
134
108
101
104
104
99
84
70
53
34
24
25
37
51
58
56
50
43
37
34
35
34
32
27
20
9
6
6
6
9
22
44
60
65
59
52
41
43
53
52
54
69
71
57
56
81
103
107
112
107
97
81
69
67
67
61
50
38
38
44
44
38
41
51
48
36
26
28
23
2
-12
-10
7
27
36
22
4
-5
-7
-3
5
25
43
50
44
45
59
80
90
85
74
59
50
58
76
88
96
102
115
116
115
108
105
103
88
66
50
50
57
59
57
52
50
56
57
55
64
69
71
74
80
87
90
81
68
61
66
69
66
61
60
55
55
54
55
43
27
28
42
51
49
37
20
12
21
26
24
19
10
9
18
25
32
25
11
4
13
41
66
73
84
86
82
77
82
91
101
98
80
58
53
57
66
66
51
42
34
12
-9
-24
-23
-11
-1
2
0
-5
-19
-26
-22
2
24
24
13
0
-3
8
18
23
29
40
44
59
71
85
104
104
85
68
56
61
74
67
51
44
50
66
69
57
50
49
53
51
41
40
50
61
68
69
56
43
44
44
28
7
-3
-5
-3
8
36
60
70
72
72
61
43
32
24
26
32
32
26
21
19
17
17
21
22
23
25
20
4
-7
-14
-13
1
23
36
33
24
18
18
26
38
38
22
5
5
18
19
21
33
48
48
41
41
49
56
51
34
23
21
21
17
5
-8
-3
17
32
33
25
20
22
29
35
37
35
34
38
42
44
54
66
77
86
86
85
85
73
53
38
39
53
65
64
69
90
106
91
67
59
66
69
65
45
28
17
9
6
3
7
13
37
58
61
69
96
124
144
128
98
83
85
85
83
82
85
74
69
75
85
89
104
114
121
115
89
75
88
108
125
132
133
138
148
152
139
120
100
76
65
60
59
64
73
86
90
92
82
69
52
32
27
37
49
57
60
66
69
56
40
35
35
35
37
40
39
34
48
81
96
74
42
21
17
28
43
50
41
32
29
33
36
39
36
21
4
1
7
8
8
16
21
17
11
16
17
10
5
-3
-7
-2
6
8
7
3
-2
-2
-3
-5
-8
-13
-18
-21
-25
-36
-42
-26
-4
-1
2
8
18
28
43
52
52
42
36
39
48
50
50
60
87
108
115
108
101
96
90
88
84
83
74
64
59
71
90
105
99
73
60
67
71
73
80
84
86
84
76
68
59
57
52
36
11
0
5
37
72
80
58
41
42
56
70
69
61
52
38
32
34
34
27
18
4
9
20
22
10
-5
-13
-9
-4
-2
2
8
10
9
18
