164
148
130
108
86
64
56
76
99
101
80
68
76
87
87
66
19
-11
-2
33
56
61
71
77
58
26
16
32
44
43
23
6
8
25
44
57
65
57
41
26
13
5
5
8
12
11
2
3
10
25
37
37
25
16
12
21
27
11
-11
-23
-12
2
1
-6
0
19
45
72
72
58
54
65
68
58
56
68
76
82
74
69
76
86
73
52
37
35
33
33
34
37
51
70
82
80
67
54
66
86
103
122
122
93
68
58
64
68
65
67
58
45
38
43
54
57
52
40
50
67
65
41
24
7
-10
-22
-19
-5
8
26
40
36
12
0
9
20
27
36
53
76
91
96
101
103
97
77
39
0
-5
11
24
24
23
25
26
34
39
36
35
48
53
34
7
-1
6
12
12
5
-9
-27
-37
-19
3
8
6
8
13
18
11
18
37
48
37
20
-2
-17
-7
9
18
17
17
17
16
19
22
27
41
38
10
-9
-2
32
56
58
52
55
56
39
24
27
38
42
42
34
18
6
8
16
5
-4
-6
-19
-21
-2
23
44
52
52
58
65
57
51
44
42
48
40
25
25
40
48
40
29
26
33
55
74
61
36
8
-1
16
24
19
8
2
-3
6
12
10
6
11
26
38
52
67
68
64
69
89
101
85
59
36
28
42
71
101
103
90
87
92
90
68
42
45
60
69
65
44
24
16
27
70
130
152
106
33
-8
17
73
106
112
99
98
116
133
130
122
133
149
151
148
147
146
139
130
121
128
138
132
104
81
80
89
93
97
97
99
99
90
83
83
86
81
69
51
22
11
25
44
56
51
42
28
11
0
2
13
21
24
28
23
12
6
16
35
43
44
44
55
64
56
45
52
69
72
51
23
19
33
48
41
40
58
80
82
72
70
70
56
38
27
29
23
4
-7
-4
4
8
11
23
26
16
5
7
24
39
49
48
41
40
38
50
67
76
88
86
49
-3
-34
-39
-19
3
10
9
-1
-13
-24
-24
-7
10
18
18
21
19
20
29
42
56
59
44
16
9
22
26
21
23
39
54
60
70
72
64
48
42
51
49
34
24
24
37
49
52
38
22
10
4
1
8
25
22
5
-7
-9
2
27
49
68
83
82
65
48
40
51
72
89
92
75
61
73
91
90
71
56
55
54
48
49
58
69
76
73
54
43
64
96
114
108
86
66
59
68
85
92
84
59
40
33
37
55
64
50
34
26
29
27
25
27
26
26
21
12
5
-2
6
38
56
41
5
-36
-50
-35
-13
-9
4
20
8
-7
-8
5
21
28
26
12
2
3
12
24
22
28
40
48
48
42
37
40
45
50
39
34
43
59
64
54
58
70
81
77
64
52
56
59
43
29
26
26
35
38
40
43
42
39
34
27
34
40
44
56
60
58
53
38
26
28
36
34
27
21
22
20
12
6
11
22
28
35
39
35
28
28
34
35
28
18
20
41
65
71
54
42
48
49
38
26
35
48
50
42
40
42
39
38
44
60
68
68
72
74
75
82
80
72
66
52
42
52
60
66
65
67
70
64
49
33
22
44
89
96
59
38
53
98
148
182
187
188
188
178
170
166
152
144
146
151
152
129
96
92
124
146
134
120
113
98
72
49
48
59
67
60
51
49
56
57
58
64
53
28
9
10
21
17
4
1
9
27
40
29
16
27
52
57
39
9
-13
-18
0
16
21
8
-8
-11
2
19
23
21
22
10
-4
-7
1
17
25
25
25
24
25
36
54
65
60
57
60
61
48
25
17
22
37
34
24
23
29
34
36
36
36
40
42
48
49
44
41
36
18
8
17
32
32
12
9
24
38
33
23
22
23
29
25
3
-25
-51
-66
-68
-55
-33
-10
-4
-10
-13
-4
12
23
19
16
21
38
51
52
51
53
66
68
65
58
49
49
55
56
59
68
68
51
42
51
53
56
64
65
70
81
99
118
116
100
84
76
73
59
44
45
60
76
83
80
77
88
92
80
55
42
49
66
81
76
64
69
86
87
72
67
75
84
83
75
70
66
74
97
109
108
92
69
39
11
1
2
26
64
91
101
84
54
34
10
-1
28
83
102
73
26
7
39
92
135
141
117
77
43
26
33
43
68
104
139
152
147
134
114
86
83
92
100
101
100
91
77
67
68
60
55
51
40
25
16
13
24
48
60
55
34
23
28
24
11
-4
-22
-37
-46
-35
-9
4
8
9
11
10
17
25
24
12
8
10
23
37
42
39
36
44
43
35
22
19
24
38
41
32
18
4
1
9
21
17
0
-9
-10
2
20
34
35
32
28
37
50
49
39
26
18
19
20
20
12
4
-4
1
18
39
52
55
50
40
55
85
108
103
80
69
74
85
98
88
56
40
36
49
88
113
98
69
55
51
69
100
102
90
74
37
19
34
53
56
64
85
97
90
75
57
