40
52
38
11
2
23
53
66
57
39
25
25
38
55
68
75
74
65
52
42
48
52
49
39
25
10
-2
-2
0
-2
1
5
1
-1
5
16
24
33
32
16
17
49
71
72
64
66
72
76
71
65
67
64
52
42
41
57
60
50
41
40
50
52
48
57
74
87
89
86
82
82
81
80
76
76
69
56
55
52
34
16
18
26
33
33
21
17
25
37
49
51
48
50
53
44
26
18
25
41
56
64
64
68
71
65
54
44
42
40
26
18
24
56
80
80
74
68
56
49
40
32
32
42
58
60
45
24
12
25
44
51
51
51
44
36
23
7
0
-1
10
27
36
34
28
26
33
43
58
74
71
52
34
24
16
0
-17
-28
-17
16
26
9
-8
-6
7
21
19
8
-3
-11
-21
-10
11
24
32
40
52
67
74
74
76
69
49
36
28
24
26
43
65
72
66
57
65
75
75
60
42
35
39
43
34
21
33
59
80
75
66
54
38
26
28
38
39
26
18
19
36
54
52
36
40
72
92
83
55
40
42
52
60
67
61
44
28
22
23
25
35
48
50
57
72
76
66
49
42
42
37
33
39
52
65
72
68
52
54
89
135
150
136
118
103
96
98
99
85
59
39
26
25
24
16
7
12
23
17
8
11
16
9
0
4
20
35
43
49
52
56
57
50
42
50
52
36
17
20
33
28
27
37
56
86
107
107
87
64
66
77
86
80
67
68
59
45
34
33
45
52
54
56
57
54
58
70
82
88
83
66
50
54
67
61
48
33
37
56
83
104
100
70
49
35
36
51
54
41
35
33
27
20
9
10
32
41
33
27
36
33
22
18
32
45
53
56
58
48
20
-6
-17
-8
6
21
37
50
54
52
48
40
39
41
37
23
6
-4
-1
9
11
23
49
51
25
5
9
20
24
26
26
25
21
21
28
44
55
52
45
52
66
72
60
36
11
11
33
43
35
22
34
54
59
58
64
65
55
49
49
45
50
60
61
49
38
39
42
40
39
41
42
37
27
24
28
37
40
34
18
10
21
49
65
45
12
4
16
32
41
42
39
51
71
74
67
64
61
60
61
65
69
75
83
74
58
52
57
67
66
53
40
33
37
42
41
43
57
68
60
44
28
33
59
87
104
103
80
45
32
28
35
42
40
38
54
70
71
61
68
91
102
90
73
57
45
43
52
60
54
41
51
68
58
28
20
25
24
21
18
13
12
12
10
13
17
6
-3
2
12
19
22
22
19
7
0
3
22
48
54
44
36
33
21
16
26
49
55
58
68
84
88
76
71
72
73
76
71
59
54
53
51
58
68
72
84
99
98
97
86
67
50
44
66
99
121
131
128
124
115
103
101
102
101
96
96
90
86
80
69
65
56
43
38
42
38
25
10
12
38
50
40
36
39
57
86
101
91
66
53
67
77
76
74
76
81
77
71
74
81
82
90
105
108
96
56
26
29
53
57
43
36
50
67
67
65
77
91
86
59
34
22
26
40
52
40
33
43
68
75
64
45
28
23
28
36
43
49
27
8
16
32
41
43
32
21
45
66
58
44
35
24
8
0
21
54
70
65
53
48
56
69
80
82
68
58
53
45
35
32
36
54
65
60
40
12
1
18
42
53
50
51
65
73
74
59
34
7
-9
-13
-3
18
24
24
37
57
60
53
56
60
54
28
9
18
42
56
57
58
65
65
58
61
64
57
51
53
66
80
99
113
104
73
41
26
24
28
33
33
32
37
48
56
82
99
69
33
34
56
70
58
33
17
21
28
43
60
75
82
76
73
71
64
52
52
52
44
35
24
29
51
66
54
21
8
13
17
25
37
48
53
50
42
42
43
43
45
57
76
84
66
36
12
17
48
76
73
51
37
34
34
43
66
92
98
66
38
49
72
72
41
17
7
5
9
21
34
44
51
24
-2
-3
12
32
21
-2
-7
7
34
57
65
58
55
52
51
37
17
17
24
21
8
-6
-12
-2
29
67
84
84
72
59
57
56
51
55
71
86
87
74
56
34
18
11
20
28
24
13
16
22
19
3
-4
5
26
35
21
3
0
7
24
36
50
60
54
39
32
26
22
16
9
11
20
28
33
28
27
50
81
82
53
16
-6
-4
5
19
24
36
57
73
68
66
52
36
45
73
86
68
72
98
98
85
104
151
179
169
151
145
150
138
117
121
149
162
152
144
137
133
128
120
119
117
100
85
84
72
64
64
65
68
71
58
42
41
58
82
86
73
54
42
54
64
68
67
50
25
21
34
35
13
-4
-7
-1
7
17
22
36
42
28
22
32
28
12
1
-12
-34
-50
-44
-37
-36
-38
-36
-22
-6
-8
-26
-44
-49
-34
-22
-21
-22
-9
-1
-3
-5
-5
1
26
48
22
-24
-54
-51
-27
