132
114
112
125
135
120
89
56
40
51
67
69
54
32
19
32
44
43
28
8
-24
-55
-49
-12
12
20
5
-8
-6
8
26
32
20
4
-7
-20
-25
-19
-7
0
-3
-6
0
12
20
8
-2
7
22
37
49
49
40
37
29
19
12
20
10
-11
-22
-10
5
20
24
20
12
-1
-17
-26
-25
-20
-22
-37
-42
-34
-18
1
16
20
21
12
17
33
55
74
71
50
24
12
20
33
36
27
17
8
12
34
50
42
28
20
9
9
12
9
6
22
28
27
36
43
51
49
40
37
24
3
-13
-8
7
18
12
12
25
18
-6
-3
25
57
70
65
59
58
56
54
50
45
38
25
19
22
32
38
32
24
18
5
3
10
20
21
25
23
11
10
20
29
27
11
12
24
34
39
44
43
39
39
55
72
73
68
64
68
84
89
85
82
76
69
60
56
48
43
59
81
89
71
40
16
3
4
16
28
45
50
40
24
10
18
41
56
44
34
44
67
86
85
65
52
65
87
106
115
112
107
93
75
69
68
68
69
75
85
83
66
49
44
57
77
81
66
54
58
54
37
25
25
27
33
37
42
39
34
44
67
71
68
86
114
124
120
107
96
91
104
121
137
135
119
114
113
107
93
86
88
89
90
86
83
82
74
64
64
64
61
64
57
42
36
48
68
71
64
52
48
41
42
59
72
59
41
33
37
53
67
59
40
34
39
48
40
25
17
17
11
16
25
23
21
23
25
28
32
36
37
38
39
33
19
25
48
69
70
52
45
45
52
53
38
7
-22
-11
34
64
70
61
64
77
104
115
104
73
42
22
9
7
20
21
1
-10
-6
0
-3
0
25
59
80
83
81
87
118
146
139
118
96
76
64
58
50
27
11
17
33
53
60
58
56
51
50
52
54
44
32
33
38
35
28
8
1
18
38
52
55
50
37
29
38
34
18
9
20
26
21
9
-1
-5
-2
8
28
43
44
33
22
27
38
36
33
26
24
11
-6
-13
5
39
52
40
9
-1
22
56
64
35
7
6
28
55
74
74
65
59
65
61
59
60
60
49
38
56
96
116
98
69
65
88
123
152
161
150
132
114
106
104
89
53
17
5
9
16
18
8
4
13
32
50
56
48
28
12
2
2
7
1
-20
-33
-20
-4
4
8
12
25
39
36
12
-3
0
12
24
16
-8
-21
-6
18
35
41
39
25
11
1
-7
-12
-19
-18
-3
12
20
22
36
54
60
57
57
59
53
40
29
16
7
6
11
28
39
33
28
26
6
-7
-4
6
12
8
3
-1
1
-4
-3
22
42
45
41
42
49
41
27
20
19
25
26
22
35
55
67
73
70
50
28
27
43
60
56
39
21
12
19
27
33
38
51
56
53
51
44
36
33
37
37
27
19
9
5
2
8
19
25
35
52
57
50
41
58
91
101
92
89
89
83
72
69
67
66
58
50
59
81
85
70
66
73
80
70
55
45
44
60
70
64
49
41
48
56
57
59
58
53
48
42
48
44
40
48
49
45
54
60
53
33
20
25
36
35
16
-6
-5
24
54
55
38
22
25
36
44
48
49
51
64
76
77
74
72
67
59
60
76
85
70
54
55
58
57
58
50
34
36
44
48
44
53
66
70
72
85
90
96
102
107
104
75
43
36
43
50
50
40
34
27
32
41
54
70
73
72
82
89
85
69
54
48
51
59
76
87
76
66
71
88
103
106
100
92
85
73
68
66
64
72
88
92
97
103
102
96
92
97
92
77
60
48
42
52
66
59
36
18
18
27
39
45
51
48
48
60
75
75
67
58
57
58
59
57
54
50
44
51
70
84
80
69
56
52
48
36
35
54
80
84
69
57
56
59
68
65
55
50
43
41
44
54
69
88
96
83
67
53
44
51
65
73
80
86
90
97
102
102
81
50
40
42
42
41
37
28
17
11
24
34
27
10
2
12
20
7
-6
-13
-18
-10
-11
-21
-26
-22
-10
-4
-1
-1
-6
-10
-14
-17
-13
-5
3
16
25
36
44
49
40
24
17
23
35
50
65
64
44
40
56
76
82
72
61
60
61
65
58
43
27
23
26
34
42
52
52
48
49
64
80
82
67
42
24
9
-7
-18
-17
-11
-14
-23
-28
-13
12
35
48
52
39
32
33
35
33
28
24
19
17
22
41
65
72
59
38
24
25
40
50
44
34
35
49
60
67
71
58
39
28
38
50
53
50
39
29
26
37
50
50
25
-9
-12
19
49
48
20
-3
1
19
21
1
-18
-17
-10
-14
-21
-10
12
32
27
20
27
35
21
0
-17
-20
-19
-17
-13
-17
-14
-9
-10
-8
7
28
56
72
71
65
66
80
82
68
55
51
51
42
35
43
74
101
106
106
107
109
102
91
81
66
60
66
65
58
54
56
70
85
85
68
57
69
76
76
59
36
33
40
44
34
