26
10
3
-2
-4
-5
-2
13
28
32
21
18
17
11
18
26
24
13
8
10
4
-3
-1
4
0
-5
-12
-10
2
17
20
10
9
20
21
20
13
-4
-12
-3
3
-12
-38
-42
-23
4
26
41
50
50
43
41
33
22
16
2
-11
-25
-23
-13
-14
-25
-21
-4
13
21
17
16
10
-4
-21
-17
1
1
-10
-14
-3
22
48
54
39
7
-12
-10
-4
-4
-6
-5
-7
-14
-18
-2
23
39
32
13
11
37
70
81
71
69
66
56
49
51
53
64
80
87
88
85
83
86
86
75
71
72
75
73
60
53
59
73
81
85
97
112
115
91
67
59
72
72
57
35
4
-11
2
41
64
57
48
34
16
8
16
19
19
24
25
23
19
7
2
-2
9
36
57
71
70
68
73
72
68
57
50
54
60
67
86
103
91
71
64
71
91
104
106
99
75
58
60
73
86
88
82
80
86
97
106
107
106
97
89
96
112
124
131
119
102
98
98
101
102
92
87
81
73
66
54
54
54
51
36
26
32
43
61
75
91
108
119
118
115
118
122
125
116
101
86
77
74
73
74
82
83
81
82
84
81
72
65
59
64
74
81
65
43
43
51
54
58
66
73
61
41
25
13
11
12
17
19
17
10
9
11
16
18
20
18
8
-5
-18
-21
-24
-17
-5
6
17
24
28
24
20
28
41
56
66
56
41
25
26
38
43
38
28
24
26
22
9
10
27
37
37
41
49
43
32
28
40
57
74
80
73
74
85
81
61
48
42
32
13
-1
-3
7
13
16
23
39
51
50
49
54
59
59
60
67
69
72
70
69
69
70
69
66
65
66
68
75
93
105
98
83
72
64
53
43
42
49
56
51
41
51
69
69
51
28
23
39
51
41
32
42
74
96
83
66
59
60
70
74
67
48
37
52
64
54
34
28
40
58
53
24
1
-12
-12
-2
9
8
7
24
43
45
37
25
8
-12
-12
1
9
19
20
1
-14
-10
-1
-5
-12
-18
-12
-9
-11
-24
-21
-7
-2
-10
-12
0
9
8
3
0
3
18
24
20
19
18
20
22
23
21
21
29
27
7
5
27
44
37
18
11
20
39
55
50
32
25
22
9
3
-1
-4
7
41
74
89
85
73
66
77
102
114
102
80
60
51
48
43
42
43
57
72
70
64
75
84
70
59
59
58
68
80
71
41
22
35
68
98
106
97
88
98
112
112
102
101
108
99
77
70
58
50
50
56
61
59
54
45
41
41
42
53
53
27
6
7
20
28
39
39
22
16
19
23
28
25
19
18
28
52
72
87
86
71
55
52
53
45
21
5
13
36
58
66
54
41
48
71
76
59
45
43
48
43
28
19
33
39
29
19
21
23
37
58
74
76
66
49
43
50
54
50
48
41
37
36
33
12
-6
-8
11
36
40
39
35
26
29
53
71
68
56
50
50
54
67
68
52
37
32
36
48
52
50
50
57
72
81
83
86
81
81
85
87
71
48
34
37
50
54
51
43
36
35
40
45
55
75
75
55
40
43
59
76
67
33
7
3
11
26
39
48
58
74
84
83
69
57
54
58
59
55
49
41
41
40
45
54
55
51
40
19
-7
-24
-26
-10
10
33
37
28
33
44
61
67
57
53
55
65
75
73
54
38
39
43
32
1
-6
32
87
109
81
41
32
35
39
51
73
83
65
37
41
84
129
153
157
166
176
171
150
115
90
89
90
84
83
87
100
109
114
99
72
61
69
80
83
87
88
71
51
49
50
54
55
38
18
9
-4
-24
-26
-11
1
18
23
11
-6
-14
-23
-22
-13
-8
-7
-22
-37
-29
-12
-4
-3
4
17
13
-3
-14
-11
-2
-1
-13
-36
-44
-35
-13
-8
-19
-28
-24
-9
7
18
20
16
19
40
55
64
57
37
23
35
57
59
48
35
37
42
50
61
80
86
81
74
76
82
89
90
88
91
91
85
76
75
84
84
80
73
60
64
68
53
32
25
28
21
4
0
0
2
11
22
22
11
3
-8
-17
-20
-20
9
66
115
121
93
73
56
43
49
57
59
67
73
83
75
51
41
66
90
98
81
44
22
21
29
34
32
37
43
52
52
39
19
5
17
40
55
53
41
36
28
10
-2
-6
-6
0
-3
-17
-24
-17
3
10
10
5
-4
-20
-24
-8
17
28
19
7
3
-1
-2
-1
5
18
19
12
13
28
49
43
23
8
9
18
23
25
22
17
10
2
6
24
34
32
38
58
75
72
66
72
84
83
76
81
82
84
81
68
45
42
67
83
67
44
52
72
83
68
52
50
48
40
38
44
50
56
75
98
117
120
102
69
40
34
53
81
87
76
66
56
54
60
71
74
75
85
90
88
96
104
112
114
108
96
82
67
51
51
66
72
56
36
34
48
48
26
22
48
64
53
39
48
70
80
69
65
71
71
53
27
19
35
51
51
43
