109
103
89
60
39
34
39
48
41
34
39
45
48
49
59
65
43
10
-5
-10
-29
-42
-36
-18
-10
-11
-10
8
32
41
28
8
3
3
2
6
18
26
23
8
-5
1
10
11
4
-10
-17
-9
-6
-10
-18
-20
-11
8
21
13
8
19
19
1
-10
1
17
16
0
-13
-19
-19
-22
-21
-13
-12
-8
-4
-4
1
4
5
2
2
5
4
9
25
40
42
42
42
40
43
55
61
65
54
48
54
65
66
59
55
60
76
85
81
66
44
35
37
44
43
28
12
8
11
18
25
28
25
18
11
27
49
54
38
34
55
69
71
66
52
45
54
57
56
51
52
59
73
85
96
92
87
80
65
56
55
65
72
68
65
61
57
57
57
42
24
17
26
48
48
27
25
29
40
56
59
58
51
41
36
27
18
10
3
0
5
12
27
44
53
58
72
80
80
75
69
82
93
96
85
90
115
139
149
138
122
106
88
72
55
41
43
50
48
43
43
51
60
67
67
58
53
56
68
70
72
81
75
49
27
23
25
33
23
4
-19
-27
-25
-35
-50
-66
-58
-50
-49
-54
-59
-59
-50
-38
-28
-20
-17
-22
-24
-18
-10
-14
-20
-8
7
12
8
0
5
18
11
2
9
34
55
70
68
49
39
50
60
64
66
73
67
49
34
27
39
43
51
73
90
92
96
96
82
64
54
57
65
72
72
74
76
76
76
84
103
119
118
113
100
84
72
67
56
54
69
93
108
112
108
107
115
114
97
85
83
71
49
22
17
33
64
86
99
105
105
101
88
76
70
65
50
40
34
29
37
53
71
87
90
84
81
74
68
64
68
77
83
74
60
60
65
70
72
66
54
43
28
17
12
11
26
60
90
86
61
48
51
64
82
109
122
101
66
40
32
40
58
80
81
60
53
68
90
106
112
103
101
104
100
88
84
99
112
105
83
69
74
87
86
73
67
81
98
106
100
84
73
69
69
68
72
83
81
81
96
92
75
51
21
5
3
2
1
16
39
51
43
34
27
18
5
9
16
10
9
24
32
29
35
44
43
37
39
56
65
53
28
6
-4
-9
-18
-23
-20
0
16
11
11
19
36
53
50
34
18
6
1
0
5
17
32
49
59
57
49
38
32
16
-10
-26
-18
4
24
32
37
28
0
-18
-7
10
25
18
2
-3
-4
-10
-24
-24
-7
18
42
39
20
5
5
17
28
50
57
52
29
3
-18
-22
-9
10
28
34
19
7
-3
-12
-7
4
7
12
28
49
71
84
72
54
50
54
52
50
54
57
53
52
65
81
96
105
112
105
93
76
53
40
49
61
52
36
57
96
98
72
56
68
87
97
85
67
56
60
70
69
64
66
75
77
72
56
51
52
53
70
97
108
98
68
44
43
58
75
81
64
42
34
36
36
32
24
24
43
74
101
107
74
22
-2
20
52
44
2
-27
-9
-2
-13
-5
17
49
106
137
120
91
51
18
16
55
115
121
53
-8
5
87
161
161
137
152
184
210
195
153
109
86
88
88
75
64
72
89
120
176
197
140
68
68
135
188
182
131
85
71
80
106
132
135
132
152
176
140
64
-2
-18
6
25
4
-22
-7
32
50
51
69
87
76
48
27
13
-5
-24
-33
-35
-25
-17
-4
-2
-8
-7
6
13
0
-23
-43
-69
-90
-81
-49
-11
13
17
-5
-7
4
8
2
-11
-27
-42
-51
-70
-86
-69
-33
-13
-18
-21
-8
1
-13
-30
-20
3
1
-24
-39
-23
4
40
64
60
50
25
3
-8
4
48
75
68
36
-4
-30
-38
-28
-18
-11
-17
-34
-37
-8
29
42
39
42
44
50
43
26
2
0
36
53
54
43
27
22
44
85
102
82
43
37
58
43
-12
-53
2
85
84
35
17
36
81
122
122
88
32
-35
-58
-23
37
88
103
61
-5
-24
26
92
99
42
6
1
-13
-22
0
38
44
33
22
5
-5
36
103
119
77
54
48
16
-8
26
81
68
22
-19
-24
12
37
52
83
97
60
17
37
104
119
44
18
81
107
59
16
33
67
48
-4
-21
-1
32
43
10
-17
13
84
124
118
98
90
54
28
39
51
64
59
35
2
4
36
52
57
49
20
2
16
60
90
68
17
-7
7
43
54
6
-49
-52
-2
25
43
73
70
48
22
2
8
38
57
80
82
66
70
116
146
106
50
25
35
67
67
9
-2
51
93
64
7
3
39
65
70
73
70
68
74
89
85
54
41
75
76
22
-7
11
44
49
50
73
104
138
181
169
73
-6
-4
28
72
82
54
37
41
51
68
115
164
160
102
50
33
50
91
102
65
23
11
53
102
128
109
75
71
43
-4
-11
9
26
39
33
17
24
26
28
27
36
64
60
66
73
35
-13
-14
44
103
100
17
-45
-8
41
65
71
72
90
114
108
70
60
89
89
33
1
8
9
12
57
130
154
128
100
81
85
90
85
67
17
-43
-40
24
68
73
57
