76
64
76
102
112
101
87
66
43
48
66
87
97
96
88
76
67
67
81
84
73
58
50
56
66
55
34
28
48
70
70
51
34
23
12
7
9
8
20
34
28
20
21
25
36
41
37
37
37
35
35
28
29
40
52
60
57
49
40
42
54
59
56
50
48
52
53
59
72
85
88
83
71
61
57
56
60
70
73
67
57
59
74
89
89
81
73
70
68
64
53
40
37
40
41
43
56
67
67
66
59
53
59
82
102
109
101
82
64
53
54
60
66
59
51
49
53
50
40
40
48
52
48
40
33
27
36
58
73
66
49
50
69
73
58
43
40
49
60
61
44
34
50
55
36
5
-11
-21
-35
-33
-17
-3
4
10
40
89
123
108
81
88
107
108
99
85
84
101
124
132
130
138
140
132
129
117
98
86
83
88
85
73
60
54
60
74
69
45
35
43
66
80
77
75
80
84
74
65
57
40
10
-10
-10
0
6
3
-8
-13
-3
18
38
48
28
6
-4
-10
-22
-34
-29
-12
-9
-25
-37
-41
-52
-61
-59
-36
-4
0
-20
-37
-37
-22
2
6
4
6
9
18
17
5
-7
-12
-14
-13
-2
17
23
20
13
6
5
9
4
-2
2
7
10
8
4
1
0
5
13
24
21
9
11
23
34
32
26
25
24
18
9
5
3
10
21
24
18
8
11
28
42
44
56
66
57
44
36
28
36
40
40
57
77
81
67
64
67
64
65
73
80
74
58
51
58
76
92
91
81
66
56
69
90
102
103
97
84
73
77
99
116
113
87
59
50
58
59
54
57
68
83
102
107
104
99
91
89
85
77
80
86
97
98
74
44
35
36
28
26
53
81
82
72
73
80
93
114
132
131
114
92
72
57
61
80
87
83
85
96
105
112
109
93
67
43
41
48
51
52
57
72
82
74
67
67
67
64
59
52
41
49
64
66
64
66
73
77
70
50
27
27
41
44
35
32
32
22
11
11
25
42
53
51
38
25
25
41
56
70
83
90
87
75
66
56
54
53
41
26
23
39
66
71
57
55
56
52
45
42
36
23
23
26
32
35
37
22
3
10
50
73
60
34
11
11
33
56
71
70
59
56
76
116
147
147
136
146
170
169
150
139
146
139
119
100
98
106
97
66
60
113
166
168
147
137
131
114
98
68
37
37
57
54
28
23
24
22
23
21
20
10
-10
-39
-61
-69
-65
-50
-39
-26
-10
0
1
-4
-7
-8
-5
-5
-5
-6
-2
-7
-19
-19
-11
-10
-6
1
-2
-10
-6
8
36
58
57
36
20
17
20
26
32
32
20
4
-5
-2
0
0
11
25
34
34
29
32
36
37
32
19
13
25
37
35
26
24
22
10
4
-4
-12
-7
-2
-2
1
18
33
32
21
22
38
54
59
56
54
68
87
96
73
35
17
24
29
34
44
49
39
23
11
17
21
7
-6
-13
-19
-26
-35
-29
-12
4
12
10
9
11
11
12
20
36
44
53
65
67
64
55
39
32
28
20
9
7
19
39
49
48
44
45
37
22
18
19
16
11
23
36
32
12
3
12
19
8
2
13
36
49
51
49
49
52
64
73
65
39
33
48
58
57
51
36
10
6
20
23
8
5
13
22
35
40
44
54
58
53
48
37
34
44
55
52
41
40
40
34
24
25
27
13
5
8
9
10
7
1
-1
13
52
85
73
36
24
51
96
115
104
86
74
75
89
80
40
20
37
59
80
87
82
69
73
93
113
113
97
81
64
52
65
81
77
61
39
33
52
90
115
113
103
89
70
60
72
91
106
101
88
90
92
81
66
64
67
66
54
41
41
50
42
33
37
49
58
65
65
55
43
35
33
26
27
45
72
81
65
50
49
60
69
64
50
38
53
73
81
84
87
86
82
85
92
97
98
83
58
54
61
64
57
51
50
54
71
90
106
112
97
96
107
115
105
92
86
70
41
22
36
64
69
52
39
38
41
50
55
58
72
83
75
53
35
29
33
39
44
43
48
56
72
87
92
85
76
84
89
84
70
52
27
18
17
18
20
20
32
40
48
58
60
57
50
35
25
32
39
51
55
44
34
35
35
27
28
40
43
40
48
54
52
52
53
42
39
50
50
38
48
76
101
107
98
81
72
72
80
72
50
24
20
33
38
34
40
60
73
81
83
70
52
51
57
56
60
81
101
99
77
64
50
26
6
9
22
26
33
42
34
17
10
16
17
16
24
43
50
39
36
37
42
48
54
65
65
44
6
-24
-17
11
33
29
29
42
43
27
20
38
59
66
49
34
41
51
51
44
40
40
49
53
59
66
61
49
44
65
88
88
61
48
56
59
57
59
54
33
24
34
48
53
42
37
44
55
54
43
27
19
24
35
38
36
25
11
7
16
19
10
4
2
5
-2
-18
-11
7
17
17
17
12
