74
72
75
96
112
108
99
96
90
89
105
108
107
105
87
58
27
10
7
0
0
27
68
98
92
67
43
19
-2
-1
16
36
49
51
53
52
58
71
69
52
37
26
20
21
20
0
-23
-21
3
23
41
58
52
28
24
37
43
36
22
17
21
27
37
42
44
43
43
49
60
75
71
54
37
32
36
40
39
36
38
36
21
2
-1
3
0
-10
-8
0
1
1
5
5
-7
-28
-39
-41
-45
-52
-49
-37
-19
2
8
2
0
-2
0
5
6
-6
-13
-5
5
6
4
4
16
25
29
32
24
9
-1
0
1
8
32
50
66
72
59
51
66
85
85
70
59
64
70
68
55
44
50
60
73
73
60
54
58
57
53
50
50
51
51
57
58
57
58
53
44
42
45
43
36
35
40
41
38
35
35
34
34
48
60
57
45
38
38
42
37
26
12
12
26
34
18
-5
-13
0
26
35
39
52
58
49
33
27
36
48
49
22
-8
-20
0
21
33
39
45
43
38
35
36
38
33
23
23
35
49
68
86
99
105
105
99
82
64
49
45
65
83
84
80
73
75
80
74
70
69
67
53
42
38
33
26
48
70
73
64
53
56
68
68
65
56
49
41
40
58
86
101
89
67
64
74
74
56
33
10
-5
-6
8
25
42
59
68
61
56
52
48
40
34
39
54
66
72
77
86
84
68
51
49
51
53
51
44
49
57
61
58
59
65
65
61
66
65
58
45
38
42
55
72
75
72
75
82
82
76
72
74
83
91
91
81
64
50
54
60
67
72
81
88
97
97
93
87
73
58
57
65
60
56
58
58
57
61
58
51
42
42
49
44
37
32
34
44
59
64
65
71
74
70
58
50
49
49
49
55
65
69
67
54
37
27
34
49
57
65
72
77
81
73
61
52
49
57
70
75
67
53
41
35
36
43
59
73
71
50
42
53
64
60
49
32
21
26
38
44
50
61
76
87
84
60
39
35
34
29
25
24
34
48
53
44
38
39
40
26
12
11
12
11
12
12
19
28
39
34
11
2
11
35
55
61
49
42
66
87
86
67
38
25
37
59
71
70
71
75
80
76
71
52
27
20
23
28
33
38
48
67
70
55
41
35
33
28
37
48
55
64
67
68
68
70
75
82
86
91
86
70
57
58
71
74
57
44
43
43
43
42
44
55
66
65
55
45
42
44
51
67
76
69
51
34
27
32
38
40
39
41
37
27
18
17
28
43
53
54
56
57
54
45
35
32
41
43
40
39
36
24
10
6
18
26
26
11
10
27
35
27
22
35
54
57
50
43
32
12
6
7
10
21
12
-9
-14
1
28
57
69
51
28
21
23
28
39
40
28
12
-2
-14
-18
-14
-8
5
19
21
24
34
39
42
48
43
50
57
48
38
45
59
67
67
67
69
73
81
88
87
77
71
65
53
40
40
45
43
33
20
13
22
40
49
49
43
35
34
45
65
81
86
83
73
73
77
84
86
81
64
60
84
98
89
73
59
54
53
54
52
35
24
39
56
64
65
68
70
77
83
74
64
49
43
52
58
61
60
52
44
55
71
86
98
102
93
81
60
40
32
26
23
24
25
18
8
4
-1
1
9
20
23
20
18
21
27
33
33
37
43
52
45
35
37
43
37
21
17
33
48
52
50
51
50
55
53
39
23
25
49
69
73
85
101
105
98
85
54
13
2
17
40
50
35
23
39
69
76
59
34
11
-6
-20
-21
-11
0
6
17
36
52
57
53
42
43
48
35
19
19
37
49
44
39
34
23
17
18
25
27
32
33
29
29
40
51
48
44
56
70
74
87
105
104
87
76
76
85
90
88
86
83
75
70
72
76
73
61
52
53
68
82
72
52
48
64
80
72
59
61
66
65
66
71
80
77
74
75
82
81
76
80
84
82
74
77
85
82
73
66
68
74
71
65
54
45
37
28
32
39
50
53
48
38
38
34
20
3
-6
1
32
55
57
56
60
58
55
70
88
89
76
75
76
68
69
81
73
49
24
13
18
27
38
33
32
40
56
57
43
36
41
51
50
45
49
43
28
17
13
29
44
33
12
16
23
22
17
8
9
13
11
4
-1
-3
-9
-25
-38
-23
16
35
32
33
39
42
38
38
48
58
71
76
71
67
68
70
66
58
58
69
81
83
71
56
49
50
56
56
42
33
33
41
49
42
26
12
2
-5
-8
-12
-24
-26
-11
-8
-13
-13
-9
-2
8
22
33
35
24
8
7
17
22
27
29
36
36
37
48
56
56
51
43
42
45
44
40
49
64
80
85
76
72
85
89
86
81
66
36
7
0
9
21
17
-8
-17
3
35
42
5
-6
7
11
9
9
12
32
44
48
54
43
27
24
44
70
82
80
71
68
74
83
85
77
80
80
71
67
74
