65
52
33
20
32
58
70
60
58
60
56
65
85
104
103
97
89
84
82
64
38
32
36
44
48
43
49
48
42
48
57
73
73
49
20
5
5
5
2
7
22
27
24
16
12
18
19
11
7
16
12
6
12
22
24
11
5
18
36
40
34
23
28
40
51
55
66
82
81
67
64
51
24
17
11
24
41
48
49
48
43
40
49
67
85
91
72
53
60
73
73
67
51
36
36
41
38
22
17
19
24
40
53
53
48
36
32
32
33
36
39
43
41
40
33
5
-5
-3
-2
-6
-7
-9
-1
11
17
20
25
25
17
10
25
38
28
22
10
-4
-5
1
7
22
34
35
38
48
54
60
64
57
55
56
54
43
35
39
54
69
86
92
75
59
57
68
82
76
70
73
85
87
90
91
88
92
101
91
70
53
64
80
85
82
65
48
38
27
12
17
49
91
106
90
81
87
108
125
118
100
98
88
74
68
68
72
68
60
59
68
74
75
59
45
55
61
59
59
60
45
36
40
53
66
70
75
83
81
69
58
53
43
38
42
51
38
27
28
27
19
7
4
5
0
10
16
6
17
55
72
35
8
38
73
75
64
43
24
20
28
34
44
73
83
58
32
33
56
72
75
80
77
80
81
72
65
58
73
103
133
146
136
124
108
97
88
82
68
41
28
25
23
20
4
-3
2
13
34
34
13
6
-1
-12
-11
0
4
11
21
13
-5
-19
-19
-25
-35
-40
-30
-5
11
4
-8
-6
11
38
50
48
34
20
8
-2
-4
-7
-13
-18
-21
-24
-19
-4
17
21
5
-2
3
0
-2
6
13
18
13
6
8
11
7
3
2
4
9
16
17
16
20
21
23
24
22
25
28
27
32
37
39
26
20
17
21
33
36
35
41
51
58
55
40
42
41
24
1
1
17
34
49
64
73
86
98
98
91
69
55
68
73
58
43
48
83
109
100
84
85
96
112
133
138
108
89
100
121
152
182
197
193
173
149
146
162
182
194
186
151
122
122
114
86
64
64
81
103
106
87
73
72
82
82
72
69
58
53
40
11
1
25
65
91
101
80
50
21
6
19
22
0
-22
-24
-27
-26
-8
10
23
33
32
32
34
34
35
39
43
50
41
26
7
-3
-7
-6
-10
-18
-20
-7
4
21
48
48
38
41
42
39
32
34
44
53
54
58
59
54
41
29
17
6
7
12
35
55
67
65
60
72
75
60
64
66
48
38
57
69
55
48
56
61
58
55
53
48
36
25
37
41
49
68
59
40
27
21
39
65
64
57
52
41
38
40
39
40
34
24
21
24
35
32
25
28
27
37
38
27
24
28
38
51
54
55
52
32
18
22
41
54
57
68
71
67
56
56
54
32
19
38
60
69
65
60
68
80
84
84
77
68
49
36
45
71
87
85
83
82
72
70
60
48
39
33
28
28
26
25
33
40
39
26
16
3
1
7
18
17
8
4
-1
2
-2
-5
-7
-7
4
20
21
25
38
39
37
26
13
-1
-1
16
19
11
2
-4
-9
-13
-20
-22
-18
-13
-22
-33
-39
-34
-23
-18
-29
-37
-34
-25
-13
-14
-35
-41
-39
-22
-8
-6
-2
-3
-14
-10
18
36
11
-11
-23
-24
0
26
42
52
43
28
11
9
32
53
54
43
41
44
53
59
68
66
59
65
67
77
72
48
17
11
20
13
20
22
18
9
10
25
29
18
11
18
9
-5
2
32
71
107
121
115
113
120
108
74
36
1
-18
-6
10
27
82
123
133
108
85
82
86
97
107
90
50
38
39
36
35
9
-9
8
55
102
87
49
39
67
91
100
92
80
36
6
16
34
37
51
68
80
83
77
73
66
56
54
54
67
87
90
82
58
42
40
32
3
6
34
53
49
55
69
76
66
41
32
73
115
125
101
91
106
132
134
116
80
52
40
38
23
28
44
51
70
80
85
118
140
135
124
116
105
107
146
193
180
105
53
59
96
129
130
82
26
20
53
58
26
5
6
18
7
-20
-51
-54
-42
-17
19
41
23
-13
-40
-40
4
60
60
9
-3
50
109
128
112
99
88
82
98
92
32
-13
-24
-11
18
41
75
108
116
101
83
73
83
100
93
52
4
-12
12
57
105
121
108
71
59
84
97
84
64
71
75
58
35
33
66
97
87
42
-6
-45
-38
-2
21
39
33
1
6
40
58
44
36
69
100
101
81
48
35
56
91
141
165
140
92
70
104
147
151
123
104
87
85
69
37
25
38
59
83
106
114
101
97
129
194
259
260
193
115
84
144
217
248
257
214
138
99
128
176
187
172
150
165
186
198
183
162
203
280
284
217
138
86
76
116
151
156
168
167
166
133
83
41
39
52
39
37
38
33
18
49
98
97
48
-19
-92
-123
-97
-60
-54
-74
-104
-93
-52
-27
-40
-94
-145
-136
-130
-138
-134
-119
-74
-26
-23
-75
-116
-99
-67
-60
