24
33
27
21
12
13
29
35
20
12
21
37
41
40
42
42
36
24
16
7
3
-4
-6
-4
-3
-1
0
-2
-7
-4
3
7
0
-5
-1
7
9
10
16
4
-9
-7
2
12
18
10
8
13
13
11
23
41
54
40
25
33
40
41
37
32
35
45
54
38
24
28
43
54
45
29
24
32
39
50
52
49
54
66
69
67
65
69
67
57
70
90
97
80
58
37
26
18
0
-3
7
23
33
34
24
29
44
50
54
60
49
24
19
34
42
39
35
43
60
68
65
59
58
54
40
43
60
67
57
42
49
71
83
76
64
42
23
17
26
39
44
49
50
48
41
40
36
34
38
49
57
55
50
52
55
45
33
33
35
21
3
-12
-11
34
101
125
97
57
53
80
107
124
116
99
103
121
139
141
146
154
173
201
210
187
167
156
150
138
133
136
116
87
71
61
52
36
23
27
44
43
32
34
49
64
69
64
66
70
59
50
48
53
61
61
50
34
26
32
39
42
42
53
55
48
50
56
54
42
35
33
37
45
49
42
36
26
16
6
2
2
9
20
22
12
8
20
25
21
8
1
1
4
-10
-24
-27
-25
-21
-7
4
8
11
25
43
48
38
29
28
28
16
-5
-18
-20
-12
-5
4
9
26
43
48
49
48
38
38
50
52
40
36
38
43
54
58
56
55
55
57
58
53
39
25
24
32
37
29
23
33
33
28
32
28
28
25
21
18
19
28
40
43
41
33
36
41
43
43
40
33
21
22
24
22
22
26
42
55
52
43
36
32
24
23
35
61
73
68
60
50
33
32
39
55
67
55
38
33
42
56
64
72
86
90
80
65
55
53
55
49
49
65
80
87
84
70
56
60
70
72
72
75
69
60
61
67
71
76
76
68
65
74
82
85
84
81
88
104
102
83
70
67
65
58
68
80
67
39
18
5
9
21
26
25
20
16
21
33
33
33
28
34
44
44
36
34
37
39
48
56
67
73
75
76
71
66
71
77
81
77
74
71
68
67
73
87
85
71
74
89
83
60
41
37
48
52
44
43
59
67
53
39
40
55
72
76
73
64
44
34
26
22
19
11
13
20
22
29
42
48
37
35
40
50
55
55
51
48
36
32
36
43
44
37
27
28
32
25
23
25
37
38
22
4
0
3
9
23
24
21
22
21
11
8
4
-7
-5
22
49
56
55
44
34
37
53
58
51
41
38
51
71
72
60
56
61
65
59
55
53
51
55
61
65
59
56
64
60
50
39
34
41
56
59
51
41
41
42
39
26
9
4
8
11
9
2
-3
0
8
9
4
1
4
12
12
6
1
-1
3
9
17
19
17
5
4
19
37
50
57
56
52
48
52
65
70
56
38
37
51
69
71
57
44
42
55
66
56
49
53
61
73
84
88
81
83
99
100
92
87
83
69
49
37
41
51
56
56
68
72
38
0
0
26
39
22
-10
-22
-19
-18
-20
-19
-20
-23
-25
-19
-7
-7
-14
-24
-29
-17
2
12
23
38
45
52
58
72
81
85
100
115
121
117
105
92
87
81
70
70
76
81
68
58
64
66
66
68
59
60
75
86
83
64
55
53
54
64
72
80
76
60
54
61
70
75
81
80
69
69
69
68
81
96
89
71
58
51
42
29
25
24
13
7
18
27
32
41
55
66
71
64
45
35
39
50
42
32
35
54
66
55
43
35
24
19
19
21
22
25
27
24
22
33
42
39
23
6
3
16
34
42
50
58
67
67
66
67
65
67
72
75
75
77
80
80
75
65
54
57
71
80
74
64
65
70
69
68
64
54
48
43
65
86
85
70
59
55
49
39
45
54
53
52
55
66
77
82
61
44
44
51
53
58
59
54
50
48
55
67
72
64
44
42
57
70
72
72
72
72
67
53
54
65
65
66
60
51
40
34
26
26
34
40
39
36
37
40
52
65
57
40
26
27
27
29
39
50
61
70
75
75
64
49
48
52
43
33
39
51
43
22
9
11
32
49
51
43
43
58
71
70
65
59
50
39
35
44
66
80
87
89
82
76
75
65
45
22
5
3
8
13
11
7
-1
-6
-5
4
23
35
27
27
34
43
51
50
42
39
41
51
43
36
28
11
6
10
5
-4
3
10
2
-6
0
2
1
19
50
64
64
72
66
54
38
44
73
56
17
6
16
24
40
66
83
87
70
65
71
74
71
75
97
108
93
67
56
69
83
97
106
115
129
131
108
89
87
86
89
97
89
67
49
43
51
65
74
59
34
12
0
-9
0
23
42
45
38
32
29
26
21
19
17
11
13
6
-3
-7
-10
-9
1
23
42
49
39
27
23
38
60
82
85
69
52
43
41
48
54
53
45
52
58
48
35
28
27
36
48
53
59
56
42
38
41
42
34
32
36
