96
96
101
102
84
51
33
35
28
28
50
74
76
67
56
53
55
64
66
66
59
49
49
55
53
56
65
60
48
26
18
19
34
44
42
40
40
40
42
45
36
26
23
18
7
5
7
12
23
23
25
29
35
33
21
12
17
26
28
24
26
50
72
76
72
58
49
44
41
48
57
64
56
43
43
58
71
68
56
58
65
67
71
65
57
51
39
29
24
21
18
10
8
12
19
22
25
29
27
25
23
20
17
12
12
21
24
12
0
6
26
44
44
26
19
18
16
20
21
10
8
16
16
18
19
18
22
41
66
75
72
67
68
77
92
99
96
86
81
67
42
24
23
28
40
54
67
71
72
76
97
119
133
125
109
92
69
44
32
16
5
12
25
27
23
20
23
28
27
23
24
24
20
5
-12
-24
-26
-19
-6
0
2
9
11
10
10
12
25
40
51
53
50
37
33
41
57
69
66
65
60
54
37
26
28
39
51
55
52
54
58
65
64
53
50
52
57
68
74
66
42
40
56
71
67
50
34
28
36
44
49
55
66
57
51
61
73
67
53
40
41
55
68
92
122
123
107
102
92
81
67
57
54
54
58
59
53
43
51
60
64
60
61
58
44
37
34
37
49
58
60
61
57
53
60
67
59
55
60
72
71
56
40
36
33
26
23
28
35
38
42
48
48
39
33
24
18
19
27
39
49
42
22
5
1
5
13
22
32
39
40
36
36
42
56
81
90
74
52
43
40
36
37
44
52
50
39
28
20
18
25
28
34
44
51
50
45
38
27
32
38
37
25
11
11
27
37
25
3
-5
7
24
26
22
28
34
28
28
28
27
33
40
40
33
26
26
27
42
64
68
54
37
33
43
60
81
86
85
75
71
84
103
106
97
88
92
103
99
85
75
73
73
61
42
33
24
23
21
12
10
11
17
25
34
35
33
28
20
7
6
21
36
42
38
35
35
33
26
26
35
40
40
39
33
23
24
25
28
28
32
36
44
54
65
68
55
40
37
50
66
68
64
61
58
56
54
54
52
44
38
34
26
22
27
38
42
48
53
59
64
52
29
18
18
20
25
32
39
36
35
43
50
48
40
40
42
40
36
26
23
36
58
71
81
91
100
91
75
69
74
83
83
74
72
81
83
88
92
85
71
65
58
53
43
39
44
54
56
60
70
82
84
80
68
64
57
51
37
28
33
39
44
49
58
66
59
55
48
44
53
56
48
39
36
35
38
43
43
36
24
22
35
52
59
66
69
71
70
71
83
97
85
64
54
57
58
48
23
10
40
90
104
69
36
32
41
59
81
82
76
81
83
80
87
100
103
102
91
76
61
49
38
36
42
50
44
49
59
70
71
72
82
84
73
52
39
41
53
54
37
22
18
28
41
39
35
49
75
86
70
55
54
43
21
0
-1
24
40
36
36
42
45
54
67
70
67
60
64
64
52
40
36
36
25
20
24
33
24
7
3
10
21
32
43
51
50
38
19
9
12
33
51
49
38
36
35
34
34
37
41
42
41
25
-3
-28
-41
-38
-34
-33
-36
-36
-27
-26
-33
-35
-25
-22
-35
-46
-55
-57
-55
-43
-26
-8
-2
3
6
9
19
22
18
7
3
3
8
10
8
5
3
2
6
28
54
64
51
24
6
16
39
44
36
27
39
42
39
38
41
34
12
3
16
37
52
55
51
48
49
49
53
57
59
54
44
39
37
48
72
86
89
83
82
90
82
61
59
66
67
68
71
72
69
71
74
74
74
68
55
44
41
35
35
39
41
32
17
17
25
33
37
34
32
33
33
37
50
60
71
77
82
75
64
55
60
70
69
68
68
64
60
67
80
80
69
66
71
71
74
84
84
88
91
92
88
85
81
69
60
60
68
80
89
92
92
99
100
81
66
57
54
52
48
42
40
43
43
36
32
34
40
53
66
68
58
50
56
72
87
92
98
87
70
70
84
91
89
81
58
36
39
59
74
84
89
92
91
87
74
60
61
80
90
86
69
56
52
52
48
28
27
44
66
72
65
54
50
49
49
50
48
48
54
66
68
56
36
23
34
48
54
56
70
85
92
97
102
104
91
81
76
71
54
49
55
54
44
45
48
42
59
83
75
61
65
75
87
82
57
50
56
70
60
44
34
8
-25
-39
-24
-19
-39
-68
-70
-53
-42
-41
-26
-10
-19
-25
-9
13
39
72
89
80
64
57
60
64
61
54
54
69
81
83
80
86
90
89
89
89
82
75
70
61
60
59
53
51
54
58
58
59
64
67
70
83
92
101
113
112
92
68
58
72
92
99
80
64
67
76
76
71
74
86
97
91
73
59
71
99
114
102
81
56
44
52
56
39
23
20
21
20
17
11
5
0
1
11
34
48
54
53
44
38
36
