39
40
49
53
59
72
81
83
84
92
102
116
123
123
115
112
123
136
131
115
114
120
116
107
103
101
108
119
123
122
124
128
125
115
99
77
69
73
76
77
86
89
83
73
67
59
58
64
59
51
42
40
35
32
23
13
4
-6
-8
-9
-14
-11
-4
2
2
1
-3
-9
-13
-18
-14
-6
4
5
2
8
20
27
33
33
29
24
24
32
39
48
52
55
57
44
26
28
37
34
27
28
27
21
10
5
4
6
19
25
18
17
25
35
44
58
69
74
74
68
57
57
70
92
96
76
70
73
81
80
72
66
66
65
61
58
53
50
53
64
69
60
42
26
26
44
66
74
73
81
90
92
86
69
51
43
42
49
56
49
25
9
1
-1
6
10
9
17
27
38
40
45
57
64
59
50
39
42
52
53
56
61
71
84
90
85
68
51
52
60
66
58
54
55
56
52
43
44
52
53
43
32
16
16
22
25
25
24
18
13
11
11
16
25
41
53
51
32
13
12
22
24
18
16
21
34
49
59
66
71
75
76
65
50
35
21
25
29
37
49
65
71
74
75
68
65
60
60
68
66
54
44
44
50
48
39
32
28
23
21
27
41
52
53
58
61
53
37
19
10
19
22
18
21
23
27
33
38
37
32
32
38
35
19
0
-18
-26
-29
-38
-44
-49
-40
-27
-20
-17
-18
-20
-8
11
21
19
17
17
10
12
32
36
28
18
19
34
39
35
33
38
49
53
37
23
26
37
43
48
51
36
10
3
23
59
80
66
48
39
35
29
33
41
53
59
69
74
56
27
23
37
51
65
69
59
48
44
57
72
82
90
106
120
117
96
72
66
75
96
100
96
80
57
55
69
81
83
80
64
40
37
55
74
82
76
68
58
56
49
33
23
33
36
33
27
20
17
28
52
68
59
39
35
40
34
19
12
16
21
24
21
12
10
16
25
40
52
53
56
69
81
90
83
52
21
16
34
52
60
65
58
53
61
75
84
82
71
67
64
65
53
34
27
38
58
74
73
67
57
53
54
58
52
38
33
34
44
64
76
73
56
49
44
38
33
28
34
39
44
54
58
59
60
74
88
80
60
64
70
67
64
70
75
69
64
66
77
88
87
75
64
58
60
59
59
56
43
29
20
17
22
24
34
56
71
65
43
33
34
32
32
33
36
33
26
36
49
42
27
18
16
10
5
4
5
7
18
27
28
25
20
23
28
27
26
35
35
32
34
40
45
51
52
49
55
69
76
86
85
82
74
81
96
104
98
81
71
83
97
90
77
70
68
59
48
32
11
8
18
20
9
3
11
26
32
27
25
17
7
12
23
25
26
37
44
35
24
23
34
38
41
49
48
34
22
22
26
35
37
28
11
4
6
21
35
42
43
39
36
34
37
51
76
99
104
99
96
102
104
93
75
56
48
50
55
51
25
3
-1
9
27
50
64
59
41
19
-1
-7
0
11
10
3
4
22
43
51
51
53
58
73
85
87
81
66
64
75
90
85
70
64
65
59
52
42
37
36
41
53
57
52
40
36
39
42
38
32
35
50
57
54
51
48
51
64
71
75
81
85
81
74
69
58
53
55
64
64
53
53
56
53
48
51
64
67
60
51
53
64
60
52
41
29
24
26
40
43
32
13
6
5
8
5
-3
-5
1
8
16
17
27
52
71
77
66
43
39
52
64
70
68
58
44
42
57
75
83
80
73
74
75
77
77
72
70
74
75
68
59
48
41
45
48
49
53
57
56
52
54
66
81
88
88
77
65
67
80
82
68
49
37
36
40
48
53
58
65
64
50
39
21
6
5
22
40
44
45
39
18
-5
-20
-12
-2
4
19
33
34
32
36
57
72
69
61
64
65
59
59
60
58
56
58
68
76
83
74
66
70
85
100
100
81
58
51
56
57
45
32
20
22
26
32
37
44
49
33
9
21
54
64
43
20
18
28
34
25
11
7
9
7
9
7
8
10
17
22
22
18
7
-2
-4
6
22
33
35
27
22
25
40
55
54
50
44
49
55
59
58
53
52
59
70
65
43
22
17
23
40
50
44
32
13
6
8
19
33
52
67
81
85
76
67
69
75
82
71
57
58
60
58
56
49
49
53
52
40
26
18
9
2
0
3
10
23
39
54
60
65
73
82
75
65
54
56
66
70
65
51
25
11
16
28
41
42
25
6
4
24
55
77
87
97
105
117
102
71
61
80
103
109
99
92
103
117
123
118
118
149
173
178
169
161
146
135
149
170
187
184
168
140
109
90
87
92
104
106
98
90
103
121
129
108
81
71
86
87
72
58
54
56
45
25
22
32
38
36
18
-7
-22
-27
-20
-20
-35
-38
-37
-35
-30
-28
-41
-58
-60
-65
-76
-76
-68
-52
-26
-10
-3
2
