27
10
-3
-10
-14
-20
-26
-28
-23
-13
-4
6
17
22
24
27
25
17
3
-3
-6
-2
5
16
24
34
38
45
61
72
65
57
65
66
65
72
84
74
56
50
58
65
52
36
35
49
51
35
12
6
20
39
44
37
28
25
21
20
24
34
42
50
40
26
21
18
22
32
40
53
52
38
27
23
21
11
7
16
28
34
25
20
25
32
36
37
33
19
13
26
42
42
36
35
39
40
45
54
58
64
66
64
66
67
59
51
36
23
24
38
49
45
37
27
25
24
16
6
3
10
24
41
52
55
59
58
48
40
41
38
29
25
22
11
4
2
8
18
16
9
3
7
12
26
37
33
22
25
34
40
43
43
39
39
43
50
52
56
56
57
64
68
66
51
34
25
29
43
65
65
49
38
49
58
57
53
45
38
37
50
64
57
38
24
24
36
44
45
49
50
43
41
38
38
48
53
53
53
53
51
57
68
70
66
64
70
86
103
105
88
66
53
58
65
59
66
74
76
59
38
50
75
97
107
88
74
100
112
72
40
75
123
134
122
122
121
103
82
96
139
166
162
140
114
101
113
119
124
124
108
89
87
98
104
96
99
117
133
135
131
115
100
85
56
32
26
40
43
41
54
75
98
123
133
119
100
84
76
58
27
17
37
72
90
88
64
34
26
36
42
40
33
21
9
3
9
28
48
41
26
12
0
-11
-26
-38
-41
-37
-34
-21
-9
-12
-13
-13
-18
-17
-10
1
10
28
48
57
57
59
71
70
51
24
-6
-25
-22
-6
10
7
1
6
13
24
38
44
39
28
23
12
-5
-17
-11
1
16
22
33
37
25
18
9
2
2
5
6
6
3
-1
-8
-13
-17
-7
1
2
1
11
23
17
-3
-9
0
21
29
29
23
13
22
44
70
85
90
85
68
44
43
57
67
69
64
64
74
85
85
71
52
43
50
53
39
21
2
6
37
58
51
36
29
42
73
108
133
146
149
154
165
182
189
185
177
182
195
199
203
211
216
219
226
210
198
202
203
200
193
180
167
146
134
141
161
171
178
182
179
163
149
153
166
176
179
172
155
136
106
74
66
80
75
60
52
59
57
36
26
42
55
43
36
38
34
21
2
-25
-52
-72
-86
-77
-62
-69
-90
-101
-97
-81
-57
-44
-43
-29
-3
4
-20
-38
-38
-43
-41
-25
-17
-25
-41
-55
-61
-74
-87
-84
-61
-38
-28
-41
-52
-49
-43
-50
-53
-41
-21
-6
13
43
58
44
23
-3
-28
-39
-22
-12
-34
-54
-56
-52
-37
-18
-21
-55
-86
-101
-100
-102
-109
-105
-88
-57
-38
-23
-5
11
35
36
22
11
10
18
27
49
73
92
103
102
102
102
100
87
77
72
56
37
51
98
133
129
118
113
99
99
91
73
70
67
70
69
53
32
20
27
60
98
107
84
48
19
1
10
36
67
70
53
24
0
-11
1
49
88
105
109
115
118
105
82
48
17
8
27
49
40
36
59
89
93
58
28
23
38
51
43
35
41
43
43
67
77
72
97
150
171
137
90
75
67
68
80
102
151
194
173
114
87
81
64
43
33
22
-11
-61
-66
-2
56
55
36
45
72
74
52
33
35
45
38
16
5
28
70
76
65
80
89
38
-44
-69
-37
-21
-20
12
39
26
0
-12
-10
0
10
27
50
49
36
41
49
38
9
3
8
12
25
39
49
24
-40
-90
-67
-8
6
-11
-38
-61
-73
-52
-18
-4
-12
-4
42
84
85
60
25
-9
-11
19
23
11
32
52
58
75
86
88
88
83
80
83
84
74
54
28
32
61
99
112
89
58
43
50
60
56
40
36
53
68
56
35
19
23
26
19
4
3
22
44
64
65
50
26
28
76
116
112
84
68
70
74
74
72
74
67
53
50
57
70
76
87
101
89
81
91
105
89
64
64
83
99
99
115
128
107
89
75
59
58
73
80
59
43
48
49
54
59
65
75
96
98
112
134
136
131
123
98
45
3
-8
-10
-25
-34
-27
-9
26
60
84
100
105
99
75
57
74
98
88
74
82
84
72
68
88
109
112
105
67
19
20
45
54
19
-10
3
44
61
39
10
22
70
96
74
48
41
48
51
37
41
71
96
86
51
34
48
91
148
155
112
44
11
40
144
251
296
290
253
236
267
305
313
298
264
241
215
178
130
97
101
123
148
168
153
101
50
25
19
5
17
57
97
101
66
33
19
27
49
67
92
99
73
51
37
8
-5
18
55
65
48
11
-27
-42
-38
-28
-23
-4
20
35
40
24
4
11
28
29
6
-26
-35
2
48
43
7
-28
-51
-42
-28
-24
-25
-35
-39
-40
-55
-82
-77
-3
69
80
54
53
64
52
39
41
59
76
81
67
70
96
109
114
117
134
165
202
230
220
185
150
132
130
122
105
75
50
37
29
25
10
-6
-17
-25
-37
-57
-71
-65
-56
-56
-66
-70
-77
-91
-103
-106
-99
-89
-93
-115
-129
-133
