38
64
82
80
64
45
38
42
50
51
45
48
48
40
27
32
41
50
50
43
44
53
50
39
38
55
68
66
55
35
12
8
11
11
16
28
49
57
52
36
21
20
28
42
40
21
0
-11
-14
-9
1
6
9
10
8
4
-2
6
23
25
29
41
48
48
39
27
16
4
4
7
8
8
12
24
32
37
43
49
50
49
52
52
42
43
54
64
58
56
60
57
40
34
40
50
59
70
74
72
67
64
73
88
93
76
69
80
82
67
43
38
39
36
28
27
29
33
38
42
42
42
38
38
53
68
80
87
91
90
89
84
67
52
41
39
39
36
36
28
23
25
32
38
38
33
34
49
71
75
72
73
74
69
69
75
77
68
42
29
38
54
67
66
65
73
71
58
54
58
54
48
53
65
59
49
58
64
53
52
61
75
76
68
54
41
41
50
49
35
33
57
81
74
67
68
76
85
84
68
44
35
36
48
59
70
72
65
53
54
65
71
70
58
61
69
72
83
86
75
66
69
77
76
49
22
19
36
60
69
54
44
50
57
53
40
34
33
35
34
23
21
32
41
37
21
7
4
2
2
9
13
9
10
12
9
18
24
19
11
8
16
16
5
-6
-24
-42
-39
-12
5
-1
-13
-19
-14
-9
4
16
20
13
5
8
20
34
40
42
49
53
59
70
74
70
68
76
86
75
58
56
65
69
64
54
50
45
48
45
39
37
41
48
50
48
51
53
44
28
11
6
16
32
34
17
11
23
41
58
80
90
86
72
54
44
57
66
57
48
41
43
53
57
59
59
69
84
87
75
58
56
64
60
53
45
39
34
23
18
28
45
49
37
22
8
2
6
17
33
38
40
44
50
43
38
42
58
69
64
56
44
23
13
20
25
35
48
52
51
53
60
64
52
49
49
53
61
68
74
84
84
74
69
67
65
69
74
71
66
59
49
41
55
66
66
58
50
44
43
39
27
19
28
37
37
32
21
11
7
16
26
32
26
18
5
-2
5
25
37
38
39
48
48
35
20
12
20
22
18
13
11
19
35
48
48
42
49
49
55
71
74
58
36
27
41
59
61
57
53
44
33
32
52
72
85
88
83
77
76
81
74
72
74
84
87
76
65
58
59
58
49
34
34
56
80
83
60
39
23
12
16
28
41
44
53
68
84
87
74
55
39
44
55
52
28
8
3
11
22
19
13
23
41
43
32
21
26
35
41
42
38
28
16
5
9
25
41
52
58
57
68
82
76
65
57
59
67
74
81
86
92
97
102
104
106
107
98
73
56
54
51
44
35
36
48
44
32
24
35
39
41
45
55
67
77
75
70
58
45
41
42
42
43
48
55
69
75
75
82
85
88
96
96
86
82
75
68
67
69
64
53
43
37
34
40
56
66
64
60
56
52
64
73
64
40
19
16
24
24
12
-5
-14
-8
4
10
4
-3
-9
-9
-2
2
-1
1
9
11
10
16
20
19
16
11
17
34
53
52
40
33
28
29
39
41
32
11
1
4
13
29
49
60
58
49
48
56
60
52
26
5
2
10
22
28
32
36
39
41
39
49
59
71
73
65
56
56
60
74
88
92
90
88
85
81
75
82
86
89
87
81
73
67
52
43
51
59
65
66
57
41
36
44
53
53
48
40
34
25
17
13
18
17
13
22
25
28
36
39
39
32
20
16
11
10
7
17
38
56
60
51
43
48
57
60
61
65
70
77
85
84
75
80
96
106
101
99
105
113
116
115
115
107
101
99
92
85
73
66
58
65
81
83
70
57
54
66
80
86
89
98
103
104
99
87
74
71
81
76
58
48
48
52
50
53
55
55
65
81
83
68
55
51
50
48
38
39
45
52
57
65
69
69
70
66
66
60
57
56
48
27
11
5
11
27
35
34
29
36
38
22
4
-10
-8
7
17
12
5
7
9
4
-2
-3
0
1
-2
-7
-12
-21
-23
-11
9
24
34
43
53
57
54
45
49
65
75
82
89
89
88
98
102
85
59
44
49
61
64
53
44
39
36
34
35
48
72
85
69
39
10
2
10
20
21
20
12
11
21
28
36
38
38
41
56
69
72
59
52
59
72
70
54
38
29
20
12
23
36
38
38
36
25
17
11
11
12
17
16
6
-3
-10
-12
-9
-1
9
12
17
21
26
34
37
40
38
38
56
75
68
54
51
41
40
35
19
11
35
72
88
77
70
71
64
53
73
120
154
151
135
121
108
101
101
105
109
116
114
97
67
61
88
116
115
104
108
128
131
119
102
90
82
81
76
69
58
52
57
65
58
58
72
89
98
89
69
41
22
24
41
53
43
22
12
25
38
40
26
7
-3
5
20
24
24
26
35
43
51
50
40
23
13
22
32
36
44
49
40
32
25
25
