215
196
179
161
136
136
160
148
114
100
100
112
117
104
82
58
43
38
29
7
-11
-10
-1
2
1
-2
-5
-1
9
19
16
3
-8
-8
-4
-9
-21
-26
-20
-10
-17
-23
-19
-9
-3
0
-6
-12
-10
-9
-19
-36
-42
-33
-25
-34
-45
-46
-33
-19
-13
-6
1
1
0
5
18
27
28
22
13
11
18
27
36
33
23
10
3
0
-2
-1
6
32
51
48
26
11
11
16
11
0
-2
-3
-13
-20
-11
-1
5
9
12
16
21
33
42
53
59
65
71
76
80
71
54
28
7
2
4
-3
-13
-28
-37
-23
-1
19
33
37
39
37
39
53
64
64
56
44
44
64
77
82
75
59
52
55
68
73
70
56
44
50
60
69
77
91
98
84
58
42
40
48
53
55
57
59
50
34
32
44
64
67
59
56
60
60
65
66
70
71
70
60
59
61
67
72
75
70
58
53
48
36
36
50
58
58
53
44
38
38
43
44
40
40
37
34
38
48
53
56
64
69
70
69
65
64
74
81
75
72
54
33
27
34
37
32
26
26
33
51
64
65
72
80
80
72
68
69
66
59
54
44
37
35
41
57
76
92
98
88
84
86
86
86
83
71
61
69
84
101
108
113
108
107
114
118
115
109
105
107
103
83
66
68
74
72
60
49
42
42
49
57
56
50
54
64
61
51
41
35
26
28
43
61
67
61
61
70
75
76
76
75
76
74
64
49
43
48
64
68
59
51
45
66
82
81
71
66
54
37
19
6
4
-2
-5
-8
-9
0
4
-3
-8
-10
-18
-23
-25
-19
-7
-8
-7
3
11
10
1
-1
5
7
6
19
25
25
23
23
25
36
45
53
54
41
26
19
17
4
-17
-25
-25
-29
-37
-34
-9
10
5
-21
-34
-17
4
20
37
41
35
33
34
28
54
73
67
49
42
41
43
56
81
96
102
115
120
121
129
149
157
150
119
66
44
87
117
113
118
138
145
152
155
133
122
155
179
164
144
137
146
151
139
123
100
72
58
61
72
75
73
73
77
72
54
54
64
55
37
22
22
35
50
71
87
70
34
9
10
18
12
-1
-12
-22
-27
-34
-30
-19
6
40
58
53
33
10
-5
-10
-8
-7
-12
-8
3
6
-6
-25
-27
-18
-9
-12
-19
-13
-17
-24
-19
-3
17
39
49
42
38
38
32
20
19
20
19
17
19
10
-3
-7
4
11
8
7
18
26
24
20
25
32
32
24
26
36
41
32
16
10
16
18
26
40
51
52
42
43
54
50
28
7
4
8
8
9
11
10
9
16
27
39
39
24
-2
-14
-6
5
18
24
28
27
19
8
11
23
28
17
-1
-6
-3
-5
-3
17
49
83
113
128
130
121
117
105
85
70
60
50
44
41
36
35
45
60
66
56
39
29
35
43
52
58
64
71
87
89
82
80
87
99
96
77
66
57
49
43
44
34
24
17
11
16
23
39
56
73
97
117
123
132
135
120
98
83
70
57
59
60
49
48
56
65
66
72
86
87
77
71
57
50
64
70
70
83
83
70
67
67
66
69
73
74
70
60
52
27
0
0
41
89
109
98
56
28
51
105
119
83
44
33
28
19
12
23
52
89
115
102
53
16
29
59
52
5
-40
-41
-10
22
40
33
8
1
22
50
60
59
50
58
82
75
22
-42
-88
-73
1
59
49
10
20
98
167
147
66
11
18
22
-9
-50
-50
2
69
76
24
-25
-17
37
64
27
-20
-36
-20
23
71
96
104
107
84
34
0
19
75
128
147
140
97
34
6
11
32
55
60
23
-34
-77
-92
-82
-35
17
22
-22
-81
-94
-53
3
24
5
4
51
100
86
33
2
7
7
11
33
41
48
65
53
33
42
73
66
21
2
37
75
72
43
10
1
39
68
19
-34
-24
17
41
34
22
44
80
96
97
112
135
161
149
98
65
87
144
152
92
32
1
-3
29
69
68
50
27
20
64
138
181
147
60
7
22
40
27
49
105
128
75
20
38
74
73
74
116
121
48
-30
-29
34
93
114
85
40
23
49
107
176
188
132
73
65
113
128
80
17
2
55
123
120
36
-25
-12
68
149
137
48
-7
37
103
107
73
72
121
167
144
64
5
33
123
167
114
52
73
132
130
88
58
57
89
124
120
82
52
48
42
56
68
55
49
67
85
59
18
20
41
59
36
-33
-60
-14
42
67
51
3
-41
-42
-20
-3
-1
-23
-22
-4
7
32
43
26
-1
-22
-36
-89
-164
-200
-152
-21
67
52
19
48
107
124
73
-3
-52
-58
-41
-20
-1
16
40
55
36
43
75
84
64
54
53
59
107
169
204
188
131
57
23
11
-38
-61
18
138
165
98
36
43
59
26
2
8
33
52
44
42
52
76
138
194
215
197
165
117
73
97
161
172
83
1
-5
33
100
165
177
129
113
123
131
129
92
49
86
121
51
-7
55
194
259
209
131
128
176
161
102
87
92
81
53
