23
42
51
41
49
70
83
80
72
60
45
37
38
36
21
7
2
3
19
52
68
59
48
24
10
34
58
61
59
40
18
9
11
19
25
28
22
10
-11
-26
-20
2
10
2
-6
-7
-8
-8
-1
12
25
32
33
29
8
-4
11
32
24
8
3
24
58
67
34
-9
-19
3
16
28
51
59
40
21
28
54
60
42
2
-56
-93
-75
-29
-23
-51
-51
-12
12
3
-12
-11
4
34
66
82
61
38
39
42
27
0
-14
-4
9
16
5
-12
-13
-10
2
16
16
16
20
18
7
3
11
22
44
92
119
100
64
49
66
89
97
87
82
75
83
87
61
25
4
17
53
74
65
37
13
19
36
39
36
50
58
53
53
54
29
-2
-6
25
68
76
56
41
51
67
81
73
61
55
45
39
44
52
51
49
50
53
58
75
97
98
86
67
50
38
41
51
49
39
50
59
60
60
75
102
117
120
112
105
121
145
131
76
34
17
13
25
41
54
65
80
96
108
128
146
148
130
119
121
114
88
64
44
36
44
57
66
73
80
69
56
49
38
40
61
84
84
71
67
82
100
107
114
118
114
89
71
85
112
116
86
49
34
44
68
73
61
50
53
60
53
36
27
27
22
8
3
8
22
37
40
35
36
42
52
56
61
59
51
43
36
23
4
-12
-37
-52
-10
71
123
117
92
101
137
181
205
193
155
129
129
147
140
120
114
117
122
121
106
92
84
71
69
83
92
91
89
91
96
103
105
88
57
42
58
73
76
80
81
75
69
52
41
53
61
57
50
49
53
65
68
64
65
80
98
113
109
101
89
74
65
56
54
59
61
52
39
35
42
50
39
36
43
51
50
33
20
23
26
19
9
6
17
19
4
-6
5
24
24
16
4
6
16
27
38
28
3
-23
-36
-33
-13
4
9
-2
-8
-3
6
12
8
10
25
40
39
26
10
12
41
72
67
33
-6
-26
-7
18
20
5
-6
2
27
55
60
36
28
44
61
65
58
54
51
53
58
65
59
60
67
65
65
67
58
59
85
96
66
18
-12
-17
-1
12
21
26
12
-9
-3
35
73
82
54
11
-6
-7
-3
0
-2
-7
-17
-23
-13
11
33
33
19
18
32
27
5
-12
-11
-6
-9
-10
1
22
28
19
21
48
80
83
71
55
24
-10
-19
-2
6
6
6
8
12
17
6
-9
-26
-12
18
32
21
16
21
32
21
0
6
26
28
23
18
11
20
28
26
18
10
-2
-10
-6
5
10
18
33
50
53
53
50
39
39
43
40
26
17
20
22
21
37
68
96
114
106
89
88
90
80
57
44
40
37
37
44
57
74
74
45
20
25
50
54
42
37
51
73
75
67
64
71
85
90
82
74
80
85
93
105
119
128
119
97
69
53
55
66
64
48
43
54
67
54
41
54
76
86
72
57
56
84
98
74
37
9
13
34
42
40
37
50
58
50
38
37
55
67
52
23
19
43
72
75
64
57
60
58
43
37
39
44
50
41
35
36
48
48
35
35
40
33
20
17
26
41
40
23
7
0
5
22
41
54
56
50
48
51
56
48
37
40
52
54
49
45
55
59
65
70
66
64
70
80
77
75
75
88
92
85
74
66
64
65
76
87
73
52
44
53
59
48
26
21
34
45
57
72
76
81
83
76
72
72
70
66
55
49
43
43
49
54
40
19
21
43
64
81
104
116
106
92
93
88
71
64
67
66
66
72
82
76
67
58
40
23
20
34
37
25
22
36
43
53
67
72
70
58
45
33
23
33
49
54
59
68
71
70
70
69
54
41
45
49
37
20
17
26
38
42
43
51
52
42
42
54
44
29
35
44
49
36
24
27
26
16
12
16
17
11
12
23
27
27
32
32
11
-12
-24
-19
-1
12
29
53
68
65
61
73
88
99
86
76
82
74
64
54
43
39
42
54
80
96
82
65
56
49
43
48
50
42
32
22
18
24
48
82
99
91
64
36
16
16
33
52
66
60
44
35
40
57
71
75
70
58
50
53
57
53
53
57
52
32
22
41
65
65
49
40
44
53
60
64
56
40
21
9
2
0
-1
-6
-19
-27
-20
-6
-4
6
8
5
17
23
22
24
34
42
48
39
17
-7
-12
-3
9
19
24
33
38
41
49
49
42
41
50
50
44
41
40
32
18
21
32
36
43
51
39
17
-8
-22
-14
-4
6
29
28
-2
-34
-22
16
45
51
24
-13
-36
-50
-29
32
107
138
106
44
11
20
50
72
80
70
57
57
65
70
85
120
152
168
154
122
104
101
105
106
97
93
117
146
155
149
130
114
114
129
151
176
180
164
145
130
135
156
155
140
114
86
83
82
75
52
20
3
1
16
27
22
6
5
10
12
24
37
42
42
48
56
54
35
16
5
16
23
16
11
2
-33
-54
-41
-26
-20
-17
-3
3
-9
-24
