105
92
70
57
57
59
55
44
37
39
70
97
87
59
39
51
83
100
92
82
81
81
82
90
100
102
87
73
55
32
34
72
96
83
70
76
91
103
91
80
75
75
70
70
68
59
65
60
52
51
58
65
57
52
52
59
65
71
69
53
54
73
82
71
61
59
73
85
72
40
25
35
42
34
10
9
42
60
57
44
35
48
80
96
87
70
58
51
36
21
23
38
48
57
68
54
41
52
58
48
33
21
19
33
49
56
56
48
35
32
37
51
68
71
59
42
33
32
38
40
36
44
65
81
90
87
65
44
42
58
86
86
64
48
44
44
37
38
53
68
68
58
55
41
21
10
16
20
33
33
3
-21
-19
11
35
20
1
18
52
84
119
118
99
90
64
10
2
44
67
39
5
-11
1
42
71
64
39
45
84
84
27
-27
-27
12
34
26
28
22
4
6
26
44
69
87
123
163
147
52
-33
-22
41
73
50
1
-14
-7
7
40
59
36
0
-17
-4
25
49
41
41
50
36
6
4
44
84
86
66
60
57
58
100
131
90
29
8
-3
-42
-83
-105
-85
-12
49
44
6
6
57
114
125
88
42
27
19
-4
-2
6
-4
-8
-2
9
22
24
28
28
18
19
16
-14
-41
-40
-29
-36
-34
16
70
55
-11
-49
-3
54
37
12
21
54
86
85
53
22
17
37
67
73
32
-25
-36
32
91
96
68
43
53
80
70
24
-10
-5
5
-3
-3
6
7
21
44
51
24
-12
-27
-12
9
18
3
-5
19
50
58
53
60
101
133
128
90
51
39
52
58
69
77
66
68
74
81
83
89
104
105
91
72
39
32
75
107
98
96
87
54
35
41
39
37
54
76
57
20
5
5
21
49
53
23
13
45
40
11
20
50
81
97
107
87
53
40
51
72
105
117
99
72
68
60
37
27
42
48
26
20
33
37
70
117
136
128
108
91
118
156
132
74
80
123
130
101
100
104
67
-3
-26
7
16
-18
-42
-50
1
85
130
104
80
54
18
12
74
117
87
38
21
33
33
43
82
97
60
25
40
74
77
48
6
10
42
52
45
54
80
80
35
3
19
49
66
50
23
4
12
51
58
56
84
117
128
100
57
51
38
17
21
75
134
87
1
16
116
177
152
92
59
58
71
96
96
52
-1
-12
12
44
61
55
35
18
67
138
133
73
34
22
17
41
89
108
139
153
101
29
32
89
114
85
56
36
-4
-45
-39
23
87
112
99
70
48
44
57
56
40
12
-1
4
27
70
89
72
28
5
1
8
33
58
48
5
-10
6
57
91
68
29
16
25
69
107
102
60
36
25
22
29
44
51
41
34
42
56
35
11
44
89
104
100
81
57
42
41
49
42
7
-18
-5
33
54
26
2
18
44
73
102
131
149
116
80
90
112
102
65
26
0
-6
20
75
100
49
5
20
67
102
96
53
3
8
56
67
36
37
53
58
42
12
-1
17
38
-7
-58
-28
23
58
70
49
20
18
18
3
12
12
-25
-60
-56
-36
10
65
85
80
37
-13
6
50
48
8
-43
-86
-74
-41
-41
-59
-69
-17
97
144
52
-50
-49
26
37
-22
-58
-39
-25
-44
-70
-83
-86
-103
-87
-7
51
66
64
58
43
34
26
-17
-56
-55
-41
-24
-4
3
10
32
68
108
114
84
58
11
-42
-34
12
41
71
99
107
84
44
26
41
48
22
16
54
75
58
32
49
108
148
156
146
133
122
71
-18
-66
-34
20
41
58
102
98
33
20
84
150
150
108
52
-1
-9
17
74
145
139
82
45
81
128
125
64
3
25
65
44
5
18
89
155
194
164
73
8
6
32
80
113
40
-53
-66
-1
35
-2
-38
-17
56
154
194
131
44
26
54
70
54
21
-7
-7
-20
-53
-81
-82
-40
37
96
96
67
33
4
24
84
100
61
67
100
87
-10
-88
1
140
150
108
87
38
12
91
183
178
82
6
10
25
33
75
86
38
23
55
99
120
73
11
-12
19
89
123
96
26
5
36
50
43
84
154
140
80
70
103
139
161
132
75
36
36
71
85
60
75
112
92
33
16
55
101
107
59
8
7
40
69
55
32
36
66
73
85
113
118
90
71
70
91
121
107
25
-58
-51
25
58
20
-22
8
117
185
151
76
61
98
90
56
55
60
45
23
18
32
41
20
17
43
56
52
75
97
87
91
85
56
54
98
128
89
36
5
11
59
109
66
-70
-122
-81
-60
-34
70
146
90
29
60
119
134
106
53
1
20
59
89
117
134
121
83
57
96
138
163
152
64
-38
-85
-21
98
179
185
139
96
70
69
98
101
86
65
34
-17
-33
-17
-17
0
36
42
11
-27
-42
4
92
131
133
105
43
16
16
21
55
82
60
8
-44
-42
40
153
208
101
-42
-88
-67
-52
-7
73
100
50
40
67
33
-8
51
148
113
-29
-93
-27
53
32
-35
-29
22
82
96
43
-7
