-11
25
43
54
21
11
52
37
-54
-87
9
122
113
19
-44
-58
-43
-69
-92
-51
48
115
103
57
-35
-147
-183
-67
80
134
86
-22
-134
-186
-120
49
164
123
5
-68
-43
42
64
-38
-50
43
53
-22
-55
-19
-1
7
21
43
91
119
81
64
67
32
-7
-8
-6
-3
39
86
88
27
-39
-75
-65
48
122
55
-68
-90
-2
83
82
41
12
-6
11
76
115
59
-10
-7
38
51
24
1
53
161
205
149
40
-26
-8
72
93
20
-50
-54
-30
-23
-2
6
20
71
133
145
114
99
108
129
161
181
155
116
150
226
215
148
70
50
130
215
240
233
179
107
102
148
182
179
166
184
235
197
102
93
155
194
182
165
166
134
58
12
43
109
139
98
17
8
52
97
130
54
-72
-73
5
44
36
-3
-26
8
70
66
1
-49
-27
20
37
11
-41
-60
-11
22
42
88
105
28
-36
-34
-28
-34
-6
28
44
35
5
-8
33
86
74
-6
-91
-125
-90
-46
-27
-10
-8
-24
-26
19
70
112
124
105
22
-90
-106
-34
6
-3
-26
-66
-107
-124
-85
5
71
42
-26
-54
-72
-57
-19
1
19
43
44
37
83
107
52
-14
-24
-3
-24
-99
-138
-75
5
41
26
-5
-14
-23
-39
-19
55
153
194
99
-40
-45
64
135
153
161
144
80
23
17
36
83
156
169
103
64
67
114
171
183
140
75
51
80
114
144
133
68
52
130
198
163
73
17
18
82
147
136
71
12
10
70
128
123
114
84
24
-3
26
76
92
70
56
68
34
-6
24
70
68
35
-3
3
44
76
80
54
40
43
50
26
-23
-70
-86
-52
19
70
67
6
-77
-129
-103
-44
4
17
-13
-44
-40
-26
-38
-57
-61
-23
26
43
20
-51
-104
-76
1
49
25
5
3
-28
-74
-66
-19
-6
-20
-27
-28
3
64
117
112
76
84
91
83
89
101
90
80
81
65
48
51
42
37
70
101
74
41
36
50
87
115
80
56
86
86
33
-4
23
73
107
112
80
71
118
163
118
12
-17
57
113
82
25
23
90
145
141
104
45
-20
-19
85
146
93
25
-3
-2
24
51
39
6
3
32
54
34
12
43
83
88
67
10
-33
-4
57
118
123
87
73
56
-5
-49
-7
70
113
82
16
-20
-5
5
-4
7
65
101
92
56
18
36
119
182
136
36
-18
6
73
109
89
42
39
87
134
146
116
69
40
27
28
34
-13
-73
-38
66
117
70
2
-20
-6
27
59
55
43
24
12
9
17
37
40
-19
-81
-81
-24
28
66
65
13
-38
-41
5
56
98
114
49
-45
-88
-26
92
140
90
39
35
39
57
71
67
98
131
104
55
20
-9
-10
33
97
104
66
29
2
11
48
81
136
139
55
-22
-18
24
69
112
103
41
9
53
132
168
138
89
69
61
44
19
7
65
132
148
120
97
70
65
100
123
100
58
38
48
81
100
81
54
45
55
67
55
53
67
49
19
22
34
26
27
51
56
10
-34
-25
-11
-22
-38
-30
-17
-6
-11
-26
-40
-33
16
76
124
131
77
26
36
90
115
67
21
49
92
91
53
16
-4
-4
22
50
71
81
73
52
53
41
11
66
148
168
108
19
-12
38
113
116
40
-28
-43
-35
7
55
60
24
12
39
66
64
72
80
54
12
2
28
51
43
22
-11
-29
16
84
122
84
18
2
38
67
40
1
-10
19
59
42
-14
-8
67
115
107
84
66
53
55
54
27
4
3
11
18
25
40
24
-7
0
44
93
114
70
-5
-57
-68
-40
16
55
45
32
54
100
132
148
146
83
9
-3
41
92
115
116
120
128
146
165
156
140
153
184
195
163
146
195
249
265
248
205
130
71
97
165
198
168
163
200
208
173
166
184
168
117
68
52
54
64
103
151
154
131
105
80
42
-3
-1
69
115
74
32
28
23
4
-4
1
-1
-5
-12
-29
-44
-20
12
41
58
65
50
20
12
48
73
70
59
53
29
-5
-23
-21
9
17
-34
-77
-86
-74
-39
16
50
27
-19
-29
-20
8
34
37
50
65
64
49
13
-27
-57
-51
-22
7
24
28
16
-2
16
55
61
52
58
55
34
25
-4
-40
-12
38
48
20
37
85
96
58
28
25
39
50
56
38
-4
0
70
115
89
43
20
16
52
82
41
-25
-37
-3
27
38
61
98
83
25
-4
18
72
92
87
76
71
69
68
59
57
43
17
4
22
66
81
27
-26
-20
21
55
65
64
48
20
-1
-5
17
48
64
82
84
65
52
49
42
50
58
52
33
26
70
116
116
71
50
96
147
161
168
181
168
134
116
119
120
134
164
192
197
179
177
183
164
140
152
186
217
209
184
153
131
115
102
133
182
202
193
169
154
160
167
167
163
147
112
66
24
4
12
56
128
177
167
137
124
117
83
42
10
-9
-26
-26
-6
-9
-41
-70
-82
-75
-44
-8
5
12
16
-2
-27
-37
-42
-53
-66
-84
-130
-171
-162
-104
-55
-41
-53
-78
-106
-119
-115
-117
-133
-129
-104
-84
-85
-90
-71
-38
