32
35
51
56
52
49
39
10
-13
-18
-13
-18
-27
-44
-56
-41
-11
3
0
-1
6
9
-4
-21
-21
-21
-34
-39
-33
-29
-35
-34
-21
-7
-7
0
20
32
32
36
48
48
40
36
26
18
10
16
18
10
9
25
49
54
49
58
86
98
87
82
84
75
57
41
48
68
73
70
69
74
72
60
66
84
93
84
60
57
77
100
99
73
50
49
50
43
48
54
44
35
38
64
86
85
74
68
57
50
44
42
38
44
68
83
73
57
33
18
39
66
55
39
34
32
22
12
17
41
69
73
56
43
44
57
67
45
12
-4
1
16
32
48
59
71
75
70
77
97
96
69
39
12
5
23
38
35
28
26
12
-13
-33
-37
-39
-29
-19
-12
-17
-34
-53
-57
-46
-27
-4
22
22
2
-17
-33
-23
2
11
-6
-21
-11
-2
-5
-3
17
50
73
83
91
104
114
116
105
85
59
51
55
51
42
51
59
57
52
65
98
121
125
115
91
75
68
58
55
65
64
65
76
88
84
73
75
83
101
119
105
51
0
4
69
121
103
44
11
23
51
68
72
74
82
81
54
20
10
38
87
116
99
55
42
58
80
82
69
60
60
64
53
40
36
37
38
26
20
32
54
69
57
39
41
56
65
56
51
54
56
52
40
36
60
81
60
43
48
56
60
64
59
54
54
53
60
89
102
82
64
69
99
99
65
32
13
17
25
32
26
16
2
1
2
1
-2
-12
-38
-49
-29
5
39
41
20
21
59
104
129
122
91
57
44
52
55
53
39
35
54
64
57
54
66
85
90
71
42
27
36
48
55
71
75
64
55
61
59
50
44
41
37
40
52
76
90
82
65
57
67
72
57
40
37
41
34
27
43
44
35
53
73
80
67
53
56
84
101
69
28
40
70
55
20
5
1
-5
-14
-34
-50
-42
-20
2
7
4
2
11
34
37
32
26
37
39
37
35
35
56
86
102
113
117
106
97
89
85
87
86
82
72
67
52
32
19
20
26
48
72
86
86
75
59
44
34
32
36
41
44
41
38
52
75
75
55
42
53
54
26
0
5
38
70
77
56
24
1
-3
2
-2
-3
6
11
-5
-13
6
41
64
70
65
56
57
51
34
19
16
27
41
44
43
43
41
38
44
58
55
22
-12
-33
-33
-13
2
6
5
10
43
80
91
83
71
72
76
85
97
97
83
68
57
66
71
64
58
58
60
60
41
16
-2
-4
16
49
81
101
91
52
21
22
40
66
81
76
65
52
49
52
64
75
75
57
43
53
76
87
72
68
82
115
137
114
66
40
52
82
102
108
114
129
138
130
102
86
102
114
86
44
36
50
51
54
60
56
50
53
64
55
27
1
-10
2
23
28
26
37
53
68
75
71
41
22
44
76
81
60
39
33
35
39
35
16
-6
-20
-18
-12
-3
6
10
21
37
59
82
85
85
85
84
85
90
86
70
54
49
35
21
32
59
74
57
34
33
48
55
50
34
7
-2
0
24
51
48
26
21
29
35
38
52
59
53
40
37
39
39
39
49
58
67
64
37
-5
-25
-4
36
65
81
74
56
61
98
106
77
50
49
57
60
53
48
41
43
53
61
55
40
37
40
44
40
23
21
25
39
51
40
32
41
71
88
77
69
86
106
123
135
132
107
85
80
85
76
58
39
26
32
36
35
43
57
58
42
27
24
28
45
51
34
12
17
41
68
76
58
34
39
67
89
89
72
54
48
53
57
55
48
58
77
80
51
21
18
24
18
11
18
18
19
13
-4
-10
20
51
42
11
1
13
41
50
34
10
-3
0
10
8
-6
-23
-33
-14
9
13
1
-6
-14
-11
5
17
20
23
24
26
24
21
43
84
90
55
33
41
60
72
74
76
67
49
37
36
21
12
25
37
35
24
17
20
28
25
13
4
3
-4
-4
10
24
26
33
48
57
59
66
81
75
48
16
-10
-26
-22
-6
3
-7
-23
-20
-10
-9
2
27
56
68
51
39
37
28
29
49
74
86
81
60
50
54
71
77
74
68
55
50
53
51
50
53
54
65
85
89
71
69
98
133
146
118
75
53
64
88
86
67
67
80
91
81
51
37
53
68
70
58
36
16
8
4
5
6
5
9
36
82
92
58
24
12
18
38
57
58
35
18
41
90
115
105
87
74
75
72
53
38
35
41
55
59
60
74
98
102
81
66
68
70
65
44
17
4
9
29
40
33
21
21
35
38
6
-34
-33
-12
-7
-17
-23
-12
6
28
34
29
24
19
40
66
52
19
-11
1
67
107
97
82
90
102
98
105
135
153
152
132
128
140
150
145
134
152
177
185
182
180
167
155
151
144
131
121
121
121
121
116
100
99
116
133
128
102
81
83
108
123
108
88
82
85
84
73
56
36
22
18
18
7
-23
-40
-39
-34
-39
-73
-115
-124
-107
-97
-86
-61
