60
57
52
58
81
93
86
64
50
58
66
57
44
43
41
40
55
45
6
-21
-5
16
12
16
10
64
167
199
129
38
6
33
56
52
35
4
-24
-13
34
73
98
131
163
153
149
152
102
17
-28
-19
19
57
80
81
84
108
102
89
115
152
179
162
118
83
53
48
68
90
119
154
130
57
22
40
67
85
91
72
36
16
20
34
43
50
48
56
105
124
99
51
0
-6
21
41
40
36
51
83
124
150
146
116
101
107
88
20
-36
-50
-44
-18
43
74
70
67
51
81
146
147
84
20
2
5
12
18
6
-1
-9
-24
-34
-10
18
28
33
35
50
75
105
154
194
163
89
43
55
80
73
48
11
-17
-45
-55
-3
68
83
56
21
-10
-17
1
23
55
70
34
-27
-10
53
84
60
42
50
44
34
53
89
84
40
-2
-30
-37
-18
-6
-17
-18
-2
22
52
86
103
87
66
51
41
45
51
45
28
19
29
56
87
89
73
72
76
56
16
-4
28
61
43
39
109
178
163
120
108
106
81
38
28
75
98
71
23
6
40
73
87
67
24
-18
-56
-69
-41
-10
1
11
19
25
29
22
20
23
35
44
27
-2
3
35
60
56
35
34
39
41
59
81
36
-12
4
54
73
36
-14
-13
34
65
54
34
38
70
103
105
56
-6
-7
32
41
21
9
27
44
26
2
25
91
123
96
64
45
45
56
66
58
41
57
84
81
73
64
28
-4
-9
4
11
-9
-35
-24
19
73
122
136
102
67
57
48
25
-1
-8
-7
-23
-36
-29
-7
22
39
44
27
6
5
17
10
1
10
60
98
82
45
20
-3
-19
-36
-38
-3
32
39
41
32
22
23
20
35
64
66
18
-28
-41
-35
-33
-29
-20
2
21
16
-11
-35
-25
-2
24
54
96
116
87
53
33
26
43
52
40
19
-1
-10
-9
-3
0
-19
-21
22
48
23
12
23
35
35
36
28
11
5
16
21
-9
-37
-38
-4
80
140
137
118
98
69
59
68
73
57
29
6
6
23
44
41
56
101
105
76
77
116
141
103
38
19
44
70
69
67
73
83
86
89
97
108
116
115
93
54
20
26
81
122
130
137
160
168
169
171
166
134
102
80
70
83
98
120
150
155
138
122
114
102
75
60
84
106
106
107
113
107
99
85
86
145
155
69
-7
-14
26
68
64
24
-8
-27
-17
43
101
73
19
21
39
52
56
64
55
13
-24
-29
-11
-3
-22
-39
-18
18
43
64
53
40
92
130
87
13
-25
-19
10
34
16
-12
-11
10
36
49
44
28
-8
-39
-45
-37
-9
41
98
132
122
87
66
71
71
48
33
52
64
25
-23
-43
-28
1
29
35
12
-17
-18
27
49
38
32
66
96
74
39
26
22
10
26
48
36
28
56
104
104
29
-71
-106
-56
-5
11
7
-2
-1
3
12
44
82
93
69
44
49
55
65
75
92
97
82
49
32
55
96
96
75
68
58
38
33
65
87
73
39
8
12
40
67
55
19
6
41
70
68
53
34
27
25
17
20
41
71
67
37
42
89
100
75
41
27
28
4
-10
-1
19
17
4
11
34
42
42
48
32
-13
-35
-5
35
68
70
21
-9
6
57
97
92
69
59
72
100
130
135
112
98
105
118
132
122
82
69
83
100
108
122
131
104
82
90
101
83
64
61
43
6
2
25
80
115
108
86
87
88
88
88
70
48
28
32
37
41
53
49
35
26
32
5
-28
-22
6
23
37
50
48
29
29
52
67
57
25
-23
-54
-20
64
112
66
-12
-45
-30
-13
-14
-24
-26
-26
-22
-5
40
89
107
100
73
52
43
55
71
59
36
17
10
22
41
53
28
-29
-51
-3
59
118
116
70
71
116
136
118
85
56
41
32
21
23
38
45
41
43
59
77
84
89
82
49
34
50
87
102
82
71
85
87
73
55
53
91
132
130
124
144
101
57
66
88
74
37
-2
-26
-24
1
24
42
55
64
67
73
67
57
59
81
98
87
52
34
41
68
86
100
130
165
147
101
71
74
68
25
-22
-43
-37
-29
-35
-38
-26
16
81
120
102
68
55
66
99
135
128
72
28
9
6
21
44
44
20
1
22
66
74
59
55
41
-5
-33
6
44
52
48
36
36
82
130
139
103
41
-5
-4
22
38
50
55
58
68
88
109
105
76
51
29
5
-11
-11
12
19
1
19
22
6
22
86
138
122
69
32
25
40
39
17
-7
-28
-37
-27
-21
-17
5
39
52
41
20
11
26
40
40
45
65
72
55
39
70
118
118
77
49
20
-5
-24
-37
-28
-14
2
21
27
11
7
43
65
34
-2
0
16
24
35
41
48
56
80
132
153
104
41
20
33
41
25
-23
-82
-103
-71
-18
20
33
16
-12
-18
48
134
149
108
43
-34
-52
-17
9
42
71
55
23
24
37
50
81
108
90
52
20
16
27
41
40
38
38
41
64
97
96
59
40
44
43
42
59
74
64
28
-2
-18
-9
