25
25
33
44
56
54
41
28
22
9
1
4
11
18
17
8
-5
-17
-3
12
11
7
6
2
2
25
52
49
28
10
5
19
35
44
50
41
25
16
13
20
27
25
21
32
44
41
34
37
45
44
33
44
74
91
89
75
70
84
97
106
104
84
61
42
41
51
54
59
67
66
58
53
66
93
107
98
77
60
57
66
66
65
64
53
35
38
52
51
36
26
28
28
19
7
-2
-4
12
20
11
13
34
41
26
10
11
17
23
36
38
25
4
-3
3
3
0
1
3
-4
-18
-17
-5
8
6
-3
-7
3
23
38
42
32
23
3
-39
-76
-74
-39
-12
-23
-42
-44
-21
1
7
5
-5
-21
-25
-9
6
10
19
21
12
16
26
39
56
77
84
53
18
4
11
38
68
74
65
57
59
54
53
77
106
121
129
119
115
121
132
129
121
117
109
99
89
87
90
106
128
137
130
96
50
24
36
59
70
59
60
77
91
90
81
67
69
75
73
61
66
81
83
64
44
52
68
70
66
68
84
104
90
50
40
81
131
140
125
106
85
80
93
116
134
135
115
113
115
97
82
82
89
97
98
96
99
101
87
60
42
32
35
54
68
61
57
57
59
58
58
60
57
45
36
24
24
40
69
101
108
100
98
104
108
91
69
64
73
68
52
48
48
41
48
64
75
77
72
68
70
58
28
9
7
12
11
7
17
26
25
24
32
37
40
33
27
44
65
57
38
26
26
40
51
43
22
-4
-10
9
40
64
64
43
23
6
1
12
35
52
61
51
33
23
35
42
32
32
57
66
42
23
12
20
37
48
41
23
5
-2
4
22
32
28
20
8
8
25
38
40
42
49
42
34
32
33
37
41
53
52
50
60
69
64
58
65
60
57
65
76
86
81
64
48
38
41
39
24
9
6
21
37
39
37
43
59
74
87
88
80
65
56
64
72
68
61
68
71
69
71
84
87
86
88
91
82
54
42
50
57
61
69
70
81
103
120
120
105
83
61
64
76
86
85
71
58
67
74
74
75
74
66
58
57
53
45
37
32
36
45
52
50
37
19
20
22
6
-8
6
43
81
99
93
96
107
106
82
40
26
52
74
67
37
1
-21
-6
21
33
20
8
1
-4
-3
10
21
24
27
26
28
32
28
23
17
20
19
5
-5
-1
9
22
25
29
33
32
35
42
48
53
58
59
59
58
39
23
32
38
40
37
38
57
72
67
42
20
8
12
17
26
38
45
60
64
60
64
70
86
89
80
64
56
55
49
41
40
48
50
57
67
66
60
55
58
76
81
56
23
9
17
24
26
32
34
22
7
8
4
-7
-4
16
39
44
32
17
26
40
35
40
60
67
43
5
-13
-5
16
12
9
7
-1
3
19
32
34
28
22
17
6
-3
-8
1
4
-13
-41
-54
-36
-4
11
13
23
38
41
32
24
33
35
34
23
1
-17
-18
-18
-25
-19
2
27
50
52
42
36
23
6
6
28
52
58
51
37
27
43
88
115
92
49
25
24
24
24
26
34
42
59
65
50
40
38
38
39
48
57
54
50
42
22
8
18
50
72
84
85
69
55
57
45
42
45
32
-7
-6
44
91
108
109
105
93
67
28
22
58
100
101
69
52
71
106
140
157
147
107
44
5
12
57
81
67
70
86
101
104
93
76
65
53
35
24
39
53
52
33
9
-1
5
36
49
33
5
-23
-28
-7
9
11
9
3
-4
1
17
37
40
29
40
77
113
116
87
51
28
38
64
77
70
61
71
75
55
27
23
58
114
133
121
114
109
102
91
92
106
124
114
69
19
-5
4
23
40
36
20
20
32
28
17
19
36
41
50
73
137
187
170
106
68
72
91
100
75
32
-9
-34
-49
-53
-28
23
74
81
53
39
39
42
40
52
73
69
44
29
18
4
1
11
35
51
59
71
74
66
57
66
83
89
68
38
29
41
59
76
101
119
97
28
-13
2
43
59
51
39
48
55
54
60
91
119
115
83
34
5
12
36
49
42
38
43
40
26
20
4
-12
-13
0
27
55
60
49
38
40
38
36
42
49
36
19
11
2
5
26
49
57
69
74
56
32
32
43
54
52
40
28
22
24
36
57
76
86
71
36
16
26
67
122
150
131
90
68
69
72
73
69
57
43
25
19
37
73
100
98
74
50
27
17
17
39
54
41
34
37
43
42
36
33
54
87
98
66
28
32
64
92
101
83
44
21
21
27
25
22
29
53
67
60
55
67
85
91
85
77
76
71
64
56
55
67
69
43
18
-3
-10
-1
1
-10
-19
-4
25
51
77
91
86
75
72
67
60
73
77
66
52
40
40
57
75
76
68
64
56
50
45
40
38
54
80
86
77
58
28
19
48
76
71
56
51
37
19
5
-2
-2
6
21
42
51
40
26
24
44
