54
49
43
56
86
103
98
98
98
87
58
27
10
17
34
38
40
42
40
38
41
39
21
0
6
38
67
72
68
60
48
23
10
18
28
29
24
34
53
54
50
36
11
-8
-27
-45
-49
-25
-8
-7
-23
-30
-20
-12
-21
-25
-21
-21
-25
-22
-10
2
23
37
29
20
13
20
25
28
23
13
20
40
42
24
3
-5
0
18
36
38
35
37
50
60
58
39
24
23
28
20
10
24
60
74
52
23
7
18
58
91
75
36
-10
-38
-11
27
42
37
24
22
40
44
48
52
68
73
60
64
85
90
68
39
13
2
9
39
57
54
43
42
68
91
100
100
86
71
69
73
87
90
72
38
11
6
9
17
17
6
-9
-19
-9
6
18
26
38
40
39
52
61
57
54
69
73
65
55
52
48
43
38
19
5
20
55
64
40
24
26
40
38
19
1
-7
1
12
17
20
25
29
38
51
58
55
52
43
35
25
12
4
11
12
9
10
19
25
26
36
51
58
54
53
64
66
55
52
57
67
73
82
86
82
72
73
90
88
69
66
90
118
102
64
50
64
74
64
53
56
53
40
38
45
59
74
86
90
98
101
97
84
64
42
38
45
71
104
123
123
107
98
99
117
132
133
138
125
86
67
75
91
102
101
97
98
104
109
104
91
89
101
105
106
101
76
44
25
25
36
53
67
70
64
61
67
69
70
69
75
85
87
81
69
68
87
115
130
124
114
91
75
74
76
60
37
24
24
36
43
57
73
85
91
87
83
84
89
86
68
41
22
12
32
52
52
43
41
48
58
68
66
61
66
68
65
65
64
54
54
53
40
11
-2
5
5
0
0
6
12
19
19
23
40
56
64
59
67
84
88
71
60
69
80
77
65
44
34
36
45
57
69
67
53
32
5
-4
0
7
17
17
11
17
36
60
59
40
27
23
19
5
-7
-13
-14
-18
-22
-12
2
10
8
-1
16
45
65
75
88
100
104
103
92
81
77
76
59
42
35
32
25
10
-4
-1
21
44
43
24
10
22
42
51
53
56
59
61
59
49
32
10
13
44
65
51
25
6
5
18
27
34
34
32
21
9
9
20
43
58
52
35
25
22
20
10
10
16
13
12
11
10
17
27
37
42
44
38
25
5
-18
-21
16
71
89
64
32
32
49
57
55
55
70
72
53
35
33
41
41
35
33
23
13
17
19
7
-2
-1
10
22
27
35
48
54
54
53
52
48
35
29
51
67
80
89
90
90
97
97
84
59
36
37
49
49
48
42
36
38
58
82
100
101
85
59
44
56
74
71
50
28
22
22
37
58
68
54
33
33
56
68
68
72
68
52
35
25
26
24
12
-1
-6
-5
3
17
35
43
39
12
-6
-6
0
-3
-20
-38
-44
-39
-28
-18
-8
0
16
32
32
16
-4
-17
-23
-23
-25
-33
-37
-34
-17
-1
4
4
4
24
64
84
77
65
51
44
42
41
45
48
34
13
17
49
80
97
109
119
117
91
66
54
67
73
59
44
44
65
89
104
112
115
123
129
119
105
98
98
99
92
80
73
89
99
84
70
70
83
97
118
147
168
156
115
89
102
122
115
76
44
40
54
70
72
76
88
112
137
139
113
88
97
108
99
76
59
49
49
66
76
67
48
39
49
54
53
44
44
65
71
64
48
34
27
27
33
34
33
36
25
11
17
21
12
3
-18
-29
-18
2
8
11
34
74
97
83
53
48
58
68
72
65
45
42
55
53
43
34
33
38
51
54
39
23
21
37
57
65
45
25
19
20
19
21
27
28
37
71
112
106
65
35
41
58
73
75
60
48
50
65
73
74
70
64
74
90
74
36
7
11
35
38
25
20
26
50
68
59
50
52
55
48
39
36
26
17
12
17
32
52
67
70
59
68
76
76
64
38
21
21
22
16
3
-6
-2
9
5
-3
3
11
23
49
75
86
71
39
12
11
16
17
21
22
20
19
28
34
24
16
5
0
-2
-2
5
24
45
56
41
17
17
39
41
22
9
20
35
36
12
-4
1
12
20
25
41
44
26
18
27
49
83
114
121
108
88
73
68
64
75
92
84
55
35
38
48
43
34
29
45
64
70
59
43
28
34
55
72
72
67
59
48
27
21
23
22
19
17
20
36
60
96
108
88
56
32
20
22
16
1
-1
10
22
32
40
58
80
84
69
50
36
20
10
12
11
3
-9
-4
16
35
51
85
104
77
36
19
32
42
27
10
17
22
19
10
16
25
37
45
51
52
45
42
37
32
21
6
-3
-5
6
22
20
6
4
9
24
40
55
56
50
26
0
-6
-2
8
8
4
-4
-8
-1
22
52
57
41
24
22
28
25
24
29
36
37
36
32
34
37
37
34
37
45
36
21
20
26
27
23
24
37
48
41
28
23
33
41
35
16
18
37
