52
52
57
66
67
50
25
21
24
28
28
28
34
28
12
5
6
11
20
35
52
57
52
33
17
24
39
51
53
44
43
48
39
38
53
66
70
76
90
98
96
90
88
82
61
48
48
50
41
37
48
74
106
128
113
83
57
43
43
40
25
2
-10
-4
1
1
3
7
6
1
5
13
16
10
3
3
8
10
12
24
40
55
65
59
65
71
75
69
53
56
64
52
39
39
50
74
89
83
69
67
71
75
74
71
74
64
26
5
13
27
32
29
43
69
83
87
96
105
118
133
136
125
113
104
97
90
81
61
48
40
49
65
67
53
39
36
44
55
55
49
39
41
52
53
37
25
22
35
57
76
75
68
50
29
35
55
64
56
56
56
45
40
51
64
59
38
18
12
36
60
67
53
35
23
25
36
37
27
23
20
13
7
6
8
21
32
34
39
43
48
59
75
74
55
36
28
28
38
54
69
69
64
48
34
33
40
51
58
68
76
85
86
84
87
98
106
104
85
73
74
73
60
50
50
50
41
29
28
49
71
90
101
97
74
52
40
32
27
33
29
20
17
22
37
56
68
64
59
71
90
90
69
44
40
38
25
21
19
18
22
37
61
74
65
48
33
18
5
-2
-10
-11
-6
6
19
27
32
20
11
16
28
40
36
20
16
28
35
24
8
-2
8
24
28
21
4
-19
-33
-18
17
34
25
10
5
9
22
24
17
10
9
6
2
3
5
7
12
17
27
38
33
19
5
6
23
44
54
40
26
19
7
8
16
22
23
21
13
16
33
51
43
25
10
3
7
12
23
43
52
48
37
29
40
53
50
27
0
-7
4
7
4
0
-5
-6
0
9
12
8
-3
-1
18
26
33
35
37
43
44
35
21
21
20
17
19
27
29
27
25
26
25
22
20
23
43
57
52
49
52
51
50
50
50
41
35
28
25
32
49
52
36
12
2
1
3
11
26
56
96
105
92
83
76
66
51
38
35
27
19
17
24
27
24
19
17
16
19
36
57
66
68
73
80
85
83
73
66
65
56
50
50
49
50
49
53
65
67
58
43
35
27
24
49
82
87
74
64
64
66
66
64
64
65
58
49
28
24
25
24
26
20
4
2
19
32
38
54
71
72
67
66
60
51
49
51
48
33
23
26
21
18
19
33
37
39
58
69
52
33
22
25
32
27
19
21
49
67
60
44
35
28
21
8
-2
-8
-12
-10
-3
0
6
21
27
25
27
42
44
27
24
40
64
71
74
72
71
71
68
59
54
48
38
28
23
22
24
35
39
34
23
26
52
71
74
65
52
49
44
41
41
50
57
65
65
64
65
56
52
57
65
65
58
65
75
89
103
106
88
74
77
84
88
89
85
73
73
84
90
100
112
117
120
120
132
141
135
123
106
87
67
64
74
89
90
86
85
85
85
93
100
92
92
92
90
91
93
97
96
83
65
52
43
33
26
34
50
60
72
73
66
51
43
54
57
57
61
65
56
48
44
41
32
24
25
38
52
64
61
53
42
39
38
35
26
25
34
44
55
55
49
41
37
45
64
69
61
60
67
71
68
70
82
85
66
41
34
32
35
54
72
68
51
44
43
48
53
54
41
26
22
29
38
37
34
37
35
25
16
3
-11
-24
-24
-9
9
27
39
37
21
4
-8
-21
-29
-25
-8
12
37
52
56
53
55
52
40
38
40
39
32
19
11
4
5
29
58
67
52
38
32
35
32
17
5
2
12
36
51
43
32
34
57
71
56
37
39
55
66
65
61
66
66
57
42
28
17
8
8
21
36
42
39
28
23
28
37
39
41
43
34
26
33
34
26
28
42
48
48
54
64
65
60
55
53
54
58
69
72
70
68
65
53
40
33
35
39
39
41
36
25
22
20
26
42
65
80
83
73
70
83
98
98
88
76
73
64
50
38
12
-28
-60
-70
-66
-68
-85
-89
-73
-59
-45
-37
-35
-25
-1
22
26
9
-5
2
22
36
39
35
32
32
28
22
9
5
16
32
40
43
55
69
83
90
91
96
96
83
66
44
25
21
41
74
105
112
92
74
90
132
140
107
70
53
60
76
75
58
44
51
72
90
88
74
80
92
102
97
84
87
97
89
69
58
65
75
91
107
106
86
73
68
69
81
89
85
66
53
52
64
84
101
103
101
98
81
60
56
67
72
75
71
64
54
51
55
57
57
60
67
70
74
83
88
87
75
60
59
69
77
86
88
83
72
59
60
81
89
96
98
98
92
96
99
107
116
108
91
69
64
67
66
73
75
71
71
82
88
89
85
85
89
100
106
103
99
92
84
54
13
-8
-13
-8
-3
5
11
6
5
40
101
147
165
155
136
120
113
108
103
96
84
80
86
101
113
115
102
74
58
68
83
76
61
48
