90
88
72
58
65
74
75
72
65
51
35
33
40
45
45
60
88
103
102
76
50
32
24
36
51
60
66
58
40
28
23
23
29
39
51
66
75
75
69
69
77
84
82
67
61
61
52
42
49
66
74
76
75
66
55
55
49
40
40
40
23
4
3
21
28
28
39
53
55
53
65
69
41
2
-24
-35
-35
-26
-23
-29
-39
-40
-36
-9
19
28
28
25
12
3
11
22
21
16
2
-7
-7
-11
-17
-4
4
4
-2
4
23
35
34
28
26
37
53
57
44
37
39
50
60
70
69
68
64
51
41
44
55
64
60
69
76
92
100
75
42
26
33
45
42
25
23
25
22
4
-11
-8
5
12
16
17
13
6
1
12
38
56
40
13
12
34
44
37
21
12
18
27
37
48
64
69
71
67
69
71
68
73
80
67
38
24
41
55
50
43
50
67
84
83
73
68
67
67
52
23
9
12
23
24
20
25
37
40
41
50
49
43
38
34
33
25
20
23
32
32
27
34
45
48
22
8
17
21
12
6
17
26
25
22
22
25
18
21
51
86
100
87
69
59
59
57
56
55
52
37
13
9
32
71
96
88
77
82
82
74
69
70
72
60
53
59
60
45
25
27
51
69
71
71
72
70
72
69
64
65
70
69
67
72
82
89
92
96
83
69
60
53
41
32
23
24
39
58
70
70
76
81
71
65
58
43
41
51
48
34
28
28
37
58
69
60
50
38
25
28
55
76
71
41
20
26
41
54
54
41
33
35
50
59
56
43
34
41
55
58
60
61
56
53
54
54
40
23
6
-1
4
20
48
68
70
75
87
81
59
41
33
38
59
72
67
51
39
44
56
56
23
-19
-36
-38
-34
-23
-12
-9
-6
9
36
60
70
52
34
40
57
71
75
59
50
49
50
55
48
35
37
51
55
44
48
66
88
104
117
122
105
65
22
5
18
32
27
24
32
50
74
98
113
116
112
115
121
112
81
57
66
80
81
72
57
49
38
40
55
54
36
17
-2
-22
-35
-34
-24
-9
5
10
8
7
3
3
11
24
38
50
53
51
48
53
60
52
44
51
68
77
66
40
21
21
35
38
21
4
-2
5
21
32
32
34
36
36
36
36
26
19
25
38
42
38
34
33
33
28
34
50
61
58
42
24
22
40
54
48
32
17
16
22
34
61
84
76
64
53
53
57
59
50
39
52
74
82
72
60
57
64
66
58
38
13
5
16
27
29
32
42
53
54
52
43
28
16
10
8
22
56
82
83
76
73
73
81
77
68
44
10
-7
-7
1
6
20
40
48
49
51
53
59
61
53
37
35
36
45
56
64
74
80
73
58
53
59
69
71
59
58
68
70
68
57
48
57
68
64
54
53
49
39
35
37
42
51
51
42
32
20
17
28
43
44
49
61
67
64
55
41
34
36
49
59
60
56
55
49
28
20
26
33
34
39
42
38
49
66
77
72
43
28
43
53
32
6
-2
9
33
60
76
58
26
11
18
35
48
44
37
32
28
25
24
24
25
32
34
1
-29
-42
-49
-50
-49
-39
-36
-38
-18
32
84
107
121
130
119
106
101
91
74
55
38
22
23
49
64
57
49
50
60
75
89
97
99
102
97
83
71
83
103
103
81
59
59
76
75
64
55
68
92
101
87
72
73
84
86
82
81
72
69
77
85
76
64
58
59
65
73
72
71
77
86
89
86
77
67
64
68
75
86
80
53
35
37
56
86
91
75
64
65
80
88
80
67
70
75
81
74
64
55
58
71
83
72
54
44
42
37
28
23
34
55
65
57
65
73
70
66
51
32
22
22
19
10
4
2
9
24
38
43
34
24
18
21
33
51
64
55
37
33
44
59
61
53
48
41
6
-36
-51
-57
-81
-105
-116
-119
-114
-99
-73
-42
-28
-37
-50
-43
-26
-22
-23
-27
-26
-22
-10
7
22
33
35
20
8
9
18
23
24
27
33
41
53
68
80
76
70
72
75
80
82
83
89
87
67
52
57
87
123
132
102
74
67
81
97
96
80
61
53
57
65
76
84
72
56
57
70
89
105
102
85
75
82
89
96
102
99
80
59
40
32
33
37
27
17
11
12
18
23
24
16
10
16
25
35
36
33
27
25
34
45
51
43
33
32
35
27
27
33
34
48
65
66
54
40
37
37
41
61
81
85
72
55
51
55
53
44
54
85
130
166
172
164
151
146
155
162
155
139
119
101
92
89
74
49
39
53
72
75
71
57
51
53
58
64
55
44
41
35
34
41
36
13
6
19
34
38
25
-2
-24
-26
-18
-4
19
33
35
32
28
25
16
1
-9
-22
-17
6
29
51
65
71
74
69
58
56
58
57
49
25
0
-18
-19
-12
1
12
29
60
70
70
98
105
83
82
107
113
104
97
68
27
37
86
121
144
157
