20
12
-1
-7
-7
-1
11
22
32
48
54
43
28
24
41
65
64
41
26
26
34
33
24
16
17
34
61
80
75
77
87
89
75
61
60
61
51
34
25
24
23
28
37
40
34
32
32
23
20
5
-21
-28
-18
0
19
34
32
28
38
52
57
51
38
29
38
49
40
33
34
26
25
42
67
70
55
37
33
37
58
101
115
83
36
20
27
42
50
43
33
29
36
48
52
44
37
32
36
53
72
77
67
51
43
58
73
84
76
51
33
22
21
26
44
59
56
42
26
9
2
18
39
41
18
-12
-28
-29
-20
2
29
39
12
-24
-40
-28
-11
-3
19
50
60
55
52
58
71
86
91
89
80
64
39
28
34
49
51
43
51
58
53
32
6
-2
9
22
23
22
24
27
27
27
32
36
40
40
33
35
48
58
61
54
49
52
52
55
54
43
34
37
57
73
72
61
54
53
59
57
52
51
51
57
56
43
34
27
23
23
23
24
34
42
51
54
55
57
68
83
86
75
68
70
74
74
66
53
38
36
49
58
55
59
73
86
97
101
87
70
58
52
45
55
73
77
68
64
65
60
49
51
74
93
89
59
21
17
49
81
97
88
59
33
27
50
76
89
88
89
86
86
96
88
65
52
57
59
65
60
59
81
101
99
72
59
72
98
128
136
120
100
87
80
81
81
80
82
67
40
21
17
22
37
50
51
37
36
42
52
50
52
57
59
49
38
41
51
40
12
2
10
24
36
50
65
73
74
86
101
105
98
80
57
34
25
22
35
58
75
66
41
34
48
59
58
51
51
49
37
23
23
36
40
34
40
58
64
67
68
59
64
87
108
102
85
86
106
114
92
70
57
54
57
57
54
42
41
50
50
45
41
39
44
50
40
28
27
35
50
55
54
44
35
25
19
18
24
32
27
22
27
44
53
38
18
10
19
26
33
28
23
26
42
55
58
54
49
44
50
68
80
59
37
26
38
54
65
66
58
54
52
45
37
35
45
55
43
25
29
67
107
128
122
96
73
76
86
69
49
38
28
18
12
21
41
65
82
105
113
103
89
71
59
55
44
33
24
36
67
86
80
67
74
84
85
82
83
97
98
83
81
87
90
72
53
53
58
67
76
87
90
92
105
118
118
105
83
55
36
32
37
51
57
57
60
53
17
-25
-65
-85
-67
-24
2
-5
-17
-14
-3
-5
-18
-14
-17
-34
-52
-58
-60
-54
-28
0
25
53
76
81
58
36
27
34
56
73
74
74
74
71
55
38
39
53
67
73
75
80
75
73
70
66
64
59
51
32
17
17
27
37
34
22
20
23
20
16
23
35
42
42
34
27
42
67
75
72
66
54
45
44
36
22
12
7
10
22
27
26
28
36
39
35
40
51
64
75
75
66
61
72
73
71
65
55
50
51
55
58
51
41
25
24
37
42
42
39
38
39
36
40
57
73
73
72
69
67
64
50
33
26
25
25
32
29
33
41
56
66
68
64
59
57
56
56
56
45
34
34
58
84
88
83
74
71
71
71
71
71
69
71
75
69
57
54
56
58
56
42
29
29
38
39
37
35
40
49
42
37
38
39
36
29
28
35
49
59
68
69
72
71
68
54
39
32
22
27
42
44
39
45
50
42
36
23
6
2
20
41
57
70
61
49
35
21
16
16
5
-14
-22
-9
9
23
32
49
68
68
42
8
-18
-17
8
38
51
48
7
-43
-60
-49
-40
-54
-72
-84
-89
-86
-83
-71
-41
-13
-10
-13
-5
6
4
9
26
42
45
43
40
33
27
33
34
23
9
12
42
69
69
49
43
65
85
83
71
56
49
43
45
55
66
68
64
65
70
71
69
69
67
66
74
82
83
80
65
54
45
43
53
66
71
77
96
97
77
56
50
51
48
37
18
-1
-9
-3
9
25
39
44
41
33
26
27
21
11
9
5
5
7
17
24
26
19
7
3
5
9
17
24
25
24
24
24
33
49
50
37
29
26
24
25
39
54
50
45
51
65
84
98
90
74
57
51
49
39
38
44
51
50
41
40
42
44
48
54
52
37
23
18
20
36
74
116
136
140
134
119
106
102
101
104
106
99
84
83
96
98
83
80
90
105
105
101
96
83
85
105
121
109
85
67
68
72
72
75
83
87
97
100
101
102
92
90
85
75
74
77
85
97
106
103
84
59
58
75
81
65
38
33
48
59
60
60
65
68
68
64
57
57
57
55
60
70
66
55
50
55
68
74
64
43
37
39
41
49
55
50
32
13
9
20
25
22
25
42
57
53
50
58
67
72
71
67
66
71
75
70
58
51
49
48
55
70
81
88
87
69
51
52
64
73
81
83
76
70
65
64
70
74
60
39
21
9
11
35
58
59
50
49
55
58
59
55
59
68
60
49
40
