41
25
23
28
33
32
33
42
41
25
28
48
59
66
50
35
34
48
54
55
57
59
56
42
43
50
57
59
53
44
52
70
82
80
70
54
49
53
52
38
35
35
34
35
44
51
51
41
28
33
42
48
53
56
52
39
37
53
68
69
67
69
81
80
61
52
39
37
43
42
38
48
66
73
66
43
23
20
27
32
34
37
37
29
28
24
25
28
35
40
48
49
53
60
69
75
77
73
69
58
48
42
36
28
25
25
33
32
38
54
57
53
64
76
76
61
54
58
56
37
9
1
-1
3
9
19
27
28
21
22
34
27
18
19
23
26
34
32
34
49
57
59
59
52
36
20
12
18
16
10
23
42
48
48
53
56
52
55
58
48
26
7
4
24
45
52
43
42
55
60
58
48
29
24
38
56
64
68
70
69
67
66
66
60
54
36
24
34
53
77
96
101
90
80
83
88
80
60
43
48
70
92
99
89
81
69
56
52
51
55
54
48
51
59
59
64
60
50
38
42
55
54
43
40
42
57
76
76
59
52
53
56
54
54
59
59
53
40
36
40
40
38
34
32
36
42
48
52
57
65
71
84
83
70
60
49
39
35
48
58
58
53
56
60
68
57
51
58
73
80
75
67
66
65
57
67
82
89
102
105
86
58
55
65
74
89
100
90
82
82
69
59
56
56
52
58
83
90
83
76
72
72
70
50
33
32
42
54
59
58
60
61
64
67
70
70
72
76
84
93
102
98
99
96
91
89
84
75
72
59
39
36
49
65
65
42
25
17
18
23
25
38
48
49
49
48
43
41
44
50
33
11
10
17
25
32
23
12
5
-1
5
17
25
26
21
25
35
37
26
21
18
23
22
17
8
3
5
16
24
27
28
25
19
18
25
33
35
36
38
40
37
36
48
57
55
49
39
32
25
22
20
22
29
34
26
25
21
4
-10
0
18
21
12
9
17
10
5
7
20
28
23
22
44
68
69
71
84
99
87
65
48
41
44
38
22
13
22
34
49
55
56
55
61
65
56
48
42
44
54
64
60
54
49
53
71
89
89
73
58
57
60
56
48
41
37
24
16
24
48
67
71
67
58
56
56
54
50
56
57
52
48
40
43
54
60
67
67
49
23
6
1
7
20
32
33
32
40
52
52
48
40
28
18
22
36
49
48
40
38
41
39
34
22
9
11
20
28
34
27
22
22
29
41
51
56
57
50
48
54
60
61
64
60
57
56
57
59
59
56
55
54
52
52
56
51
42
39
44
52
42
35
37
39
36
36
39
49
54
54
52
45
40
41
39
39
34
22
21
29
40
43
42
35
22
16
21
43
70
60
37
33
49
53
48
40
39
49
58
58
49
41
41
37
28
33
34
32
26
21
13
6
10
24
42
54
59
50
42
42
44
51
50
50
53
42
33
25
18
25
36
42
51
57
59
49
35
40
51
64
67
50
39
49
56
58
50
50
52
42
35
25
32
54
73
74
80
90
90
89
97
89
66
53
43
44
49
44
48
51
57
65
69
83
100
103
90
74
61
64
65
54
49
58
80
91
86
66
60
71
80
50
-8
-46
-51
-36
-20
-10
-3
6
20
28
42
51
51
44
20
-22
-59
-85
-90
-82
-71
-66
-70
-74
-65
-29
0
8
1
-9
-13
-17
-22
-28
-20
1
11
6
-4
-11
-13
-2
13
26
33
26
33
38
42
45
40
39
44
51
58
64
59
65
74
85
91
90
84
90
99
101
101
87
76
72
72
69
60
48
33
28
40
48
41
34
32
33
33
37
42
50
44
26
27
43
64
73
68
57
59
58
53
57
60
64
70
84
73
55
52
75
97
96
83
59
45
61
89
93
80
58
53
59
67
66
65
66
54
38
34
44
44
38
34
25
25
36
48
53
57
56
48
41
40
40
41
41
39
43
57
69
74
72
72
77
88
105
115
101
90
90
96
98
84
67
59
65
74
80
74
70
69
74
76
65
51
50
52
58
66
66
69
76
83
85
88
84
73
60
60
73
80
89
113
133
139
140
134
130
133
136
141
134
121
119
123
121
107
100
115
130
121
104
90
87
90
98
91
74
50
26
18
22
25
35
40
43
44
41
28
20
19
21
25
32
35
50
64
67
65
64
70
74
68
68
76
70
43
20
10
9
18
35
44
41
36
25
24
26
28
40
53
67
71
72
74
68
48
24
8
3
3
13
22
19
17
8
5
12
25
24
17
17
23
27
26
7
-4
5
18
29
45
53
43
29
21
10
7
16
32
40
32
18
11
20
28
27
17
12
26
54
73
56
27
18
24
40
45
33
8
5
9
8
1
-6
0
16
28
32
26
23
21
17
18
18
16
18
32
52
48
26
1
-13
-7
8
24
29
19
