-9
5
18
19
20
28
50
71
89
116
137
136
121
106
90
80
88
113
129
124
112
92
76
66
64
51
36
37
40
33
27
36
45
49
34
22
29
42
27
-4
-18
-2
17
18
18
39
60
60
44
32
32
40
48
41
33
24
21
20
22
28
36
34
34
38
36
25
10
1
-2
0
4
10
11
18
40
71
80
58
43
43
57
69
68
67
61
55
48
41
33
27
48
66
69
65
54
53
60
70
68
64
60
54
59
73
68
42
28
33
44
52
41
22
25
50
65
64
70
89
84
68
70
80
73
59
49
40
41
53
59
69
73
61
50
48
60
71
61
37
18
22
35
36
26
23
28
26
19
8
-2
-6
3
12
23
20
21
24
22
8
4
5
1
0
10
36
59
73
76
72
73
87
88
67
38
21
23
37
51
52
49
37
19
16
20
18
1
-19
-21
-8
6
18
23
24
34
60
84
68
35
21
35
51
61
64
49
33
26
25
20
10
10
9
5
4
13
19
19
21
33
53
56
48
41
40
43
44
29
24
32
41
55
76
86
69
54
69
85
90
86
64
38
25
22
21
21
21
24
32
45
66
80
86
89
84
72
68
75
73
56
42
48
59
66
66
68
73
80
81
74
64
51
45
54
59
60
57
57
55
65
88
106
100
69
34
28
51
66
59
50
42
38
28
18
19
33
49
51
37
25
23
34
44
50
52
48
26
9
4
7
9
11
8
0
-2
4
18
40
60
68
57
50
54
66
71
69
76
74
66
60
58
64
68
69
53
36
27
34
40
39
25
10
2
-1
-3
-9
-24
-28
-22
-8
-5
-7
-6
-6
-10
-19
-23
-25
-21
-17
-20
-33
-38
-27
-2
12
25
26
8
-7
-5
6
11
18
19
16
26
53
70
76
74
70
64
52
41
36
33
23
24
35
44
44
36
18
-1
-9
1
20
43
64
74
71
68
76
97
101
84
56
39
42
54
59
59
57
57
56
61
67
66
72
82
84
83
72
70
81
84
83
91
100
99
91
88
90
96
98
89
75
60
52
50
55
57
55
55
57
55
60
73
81
75
70
76
92
100
85
67
53
53
59
66
71
76
80
74
65
58
54
37
24
27
50
70
82
83
76
65
45
34
32
36
35
27
24
20
22
22
11
6
12
20
10
-3
-7
-2
2
-1
-1
2
3
7
9
5
-2
-13
-12
4
26
48
54
48
36
33
38
50
57
60
66
57
48
38
34
35
42
49
40
36
44
54
51
43
56
72
68
65
55
38
26
18
26
42
54
52
49
50
53
59
77
100
107
96
73
64
70
90
103
103
101
91
72
65
71
81
86
85
83
74
76
83
82
70
55
44
50
58
80
98
106
90
70
58
64
77
92
102
101
81
71
77
87
86
73
64
72
89
89
68
44
53
77
82
81
81
81
80
74
66
54
61
66
48
36
43
60
65
57
53
45
49
68
88
97
97
85
69
48
36
39
48
44
41
43
48
42
43
50
58
64
49
39
37
24
17
29
53
59
52
49
64
69
64
59
66
73
88
102
88
64
53
67
76
84
77
65
45
33
23
32
53
59
68
76
66
38
39
64
81
72
54
44
39
37
50
64
59
54
61
73
76
68
54
49
48
52
53
54
57
48
20
10
32
55
53
34
23
32
40
38
27
33
41
45
45
54
60
64
67
71
64
40
23
24
34
45
56
58
50
32
18
18
24
27
26
29
35
40
50
65
73
73
75
89
104
92
67
51
55
57
51
48
42
29
25
33
41
36
33
33
24
10
10
18
19
10
3
11
32
37
43
50
36
22
17
19
16
-1
-6
2
9
5
0
-5
-9
-3
19
33
25
1
-12
-7
1
0
-2
-4
-10
-17
-5
9
22
12
-37
-98
-118
-104
-78
-62
-76
-98
-101
-84
-68
-62
-62
-53
-35
-26
-28
-34
-34
-34
-27
-25
-23
-26
-25
-12
-1
1
-7
-10
8
28
44
58
75
88
98
89
70
72
96
124
147
132
101
96
100
98
86
77
72
59
50
53
65
73
80
73
67
56
55
61
68
67
66
68
80
91
100
90
83
77
67
57
50
39
39
39
35
28
33
26
18
23
35
35
21
7
-2
-3
-3
-3
2
6
9
9
12
13
22
29
38
41
36
34
44
53
67
82
86
84
87
90
89
86
85
85
86
90
85
64
50
48
53
59
50
35
34
33
41
55
64
70
76
60
27
7
8
23
28
32
35
38
52
68
76
85
99
118
121
102
77
59
67
84
89
99
101
91
80
65
55
66
76
75
64
55
56
71
83
83
80
76
67
67
92
128
146
137
115
88
58
50
55
53
36
11
-3
0
10
17
20
27
32
32
33
27
16
8
22
53
67
52
28
19
21
20
20
23
24
24
35
43
49
51
53
48
36
27
51
96
116
101
82
84
89
96
101
