1
2
-17
-27
3
51
104
120
66
-6
-17
21
43
26
7
7
-1
22
86
104
71
48
54
69
57
37
43
59
55
41
51
64
74
91
104
109
84
51
28
22
27
42
56
51
11
-3
32
61
57
27
2
8
34
48
40
34
17
-13
-36
-28
-29
-10
7
2
-24
-42
-43
-40
-28
4
35
23
-11
-40
-27
17
28
8
-17
-38
-34
-6
10
12
0
-13
-19
-21
-24
-28
-34
-37
-25
-6
11
6
-7
-9
-3
8
40
55
25
-17
-38
3
71
98
59
7
-3
20
39
19
-17
-36
-24
3
5
-10
-21
-10
-2
5
5
11
7
-5
-14
-26
-27
-17
-22
-24
-2
22
41
49
40
42
44
33
19
17
23
25
22
24
50
72
74
51
17
7
41
92
98
53
29
51
85
92
90
98
113
123
100
66
65
77
80
66
43
27
55
101
118
113
96
73
64
68
83
89
81
69
56
65
82
89
99
113
107
86
73
88
113
123
84
44
60
108
144
141
119
100
90
98
104
129
152
140
105
81
74
87
100
88
72
83
101
118
144
155
148
134
132
132
132
117
97
99
107
114
131
144
123
89
80
89
102
102
89
82
69
60
65
69
89
129
156
155
132
98
77
88
76
60
81
97
87
53
9
-10
-7
8
20
4
-17
0
24
36
48
59
71
64
42
26
36
41
40
38
48
64
68
66
54
38
29
36
48
52
54
52
28
19
35
41
33
33
41
26
1
11
53
66
28
-3
6
29
51
56
56
56
52
60
90
96
55
11
12
26
22
4
-2
4
8
9
23
43
43
37
32
26
28
33
25
23
13
5
11
21
11
-3
-9
-8
-2
-12
-18
19
48
33
6
0
6
16
24
22
22
32
41
52
50
41
35
36
44
56
69
65
48
37
25
-6
-34
-26
5
40
49
42
45
56
60
55
44
41
45
29
13
3
5
24
42
58
65
56
50
51
58
60
60
55
40
41
66
80
75
72
69
73
76
72
69
55
44
60
83
80
67
59
71
85
89
87
80
80
91
97
75
48
38
48
64
81
82
84
88
77
54
37
26
44
73
87
77
56
67
102
117
109
97
64
33
23
34
36
38
45
65
72
72
64
51
49
43
43
52
49
38
40
52
68
73
56
42
45
64
64
60
68
72
66
61
64
45
24
16
17
44
66
43
21
28
52
57
60
49
34
33
26
12
3
6
19
50
64
34
16
6
-2
-12
-14
-5
-10
-18
-19
-14
-21
-42
-59
-49
-25
-17
-4
5
7
6
3
-17
-33
-17
1
8
17
10
2
-9
-25
-21
3
20
24
19
18
24
39
36
23
6
3
20
22
16
11
4
-1
16
49
89
112
108
89
80
83
72
58
64
59
40
41
64
74
76
82
84
76
76
89
99
89
72
57
55
60
64
53
59
86
86
65
55
64
68
75
70
34
17
39
80
105
105
84
59
53
53
68
92
91
42
-10
-27
-2
35
54
54
40
35
55
82
82
59
36
34
41
32
18
24
42
50
52
43
41
52
36
8
17
41
54
50
48
60
73
69
51
37
22
-2
-7
10
21
28
40
41
35
36
48
73
101
87
28
-26
-19
10
-2
-51
-85
-60
-3
28
39
38
34
37
33
49
66
65
41
9
0
6
12
20
34
35
24
22
29
25
25
51
75
82
74
59
53
58
72
77
76
90
93
75
60
64
68
66
67
65
59
40
23
20
16
9
28
49
52
71
83
81
72
71
75
69
56
43
49
49
40
51
54
54
54
65
65
71
87
72
43
27
25
27
33
56
87
90
58
22
34
76
97
86
61
22
-9
-6
35
75
108
103
71
38
27
43
52
48
26
8
20
44
49
33
29
38
49
56
41
27
41
61
60
32
-8
-26
-6
13
12
9
6
4
6
39
83
85
57
50
64
58
42
37
28
22
22
22
26
48
75
89
68
44
48
50
55
53
44
44
61
84
99
103
76
42
27
39
61
60
48
32
21
27
52
75
87
77
65
58
54
49
37
33
43
53
39
28
45
50
38
33
11
-7
-23
-1
38
51
51
52
61
84
83
59
36
17
21
27
28
39
33
19
32
68
90
59
29
32
52
64
56
38
20
22
83
137
120
73
58
75
81
81
89
98
90
85
96
99
91
86
101
112
101
91
85
72
56
35
29
57
70
53
24
24
56
82
89
80
68
66
69
85
86
81
71
67
71
80
89
83
87
106
134
151
109
54
48
61
73
71
64
50
48
39
23
24
37
38
26
13
22
27
17
8
12
21
24
26
21
6
-3
19
37
18
-5
-10
-8
-1
21
45
38
22
24
24
22
33
38
38
44
53
43
26
18
21
39
53
49
49
44
23
6
1
8
35
53
60
64
54
38
32
52
84
101
87
56
52
73
71
55
71
80
58
37
24
17
17
13
19
41
24
-7
-13
3
26
36
37
27
