87
58
16
8
33
55
75
86
80
56
44
66
87
91
87
91
105
97
70
51
52
68
65
59
57
49
49
36
29
40
64
72
65
57
37
21
26
49
75
96
89
81
73
68
59
58
49
26
4
-9
-17
-24
-10
12
21
41
74
81
64
49
56
76
97
80
37
11
12
24
38
58
65
56
57
59
59
54
52
56
72
86
86
85
97
96
75
70
80
99
90
70
67
86
101
91
66
44
52
85
100
84
58
33
29
44
48
52
49
41
41
43
54
60
58
51
51
55
55
52
42
25
21
32
40
57
82
76
59
67
83
81
75
88
106
91
70
76
88
80
64
81
98
84
60
44
38
41
49
39
21
25
41
48
28
12
11
16
19
22
24
27
26
18
18
23
29
24
1
-2
7
18
19
11
1
-7
-7
8
37
52
37
13
2
9
36
51
36
7
6
38
67
66
51
40
42
50
48
42
52
72
85
86
82
70
55
48
45
49
49
36
26
41
65
60
39
32
27
26
36
45
50
57
64
59
40
9
-3
12
38
57
65
57
43
37
56
82
76
56
37
40
49
32
18
26
44
58
60
56
55
60
74
80
71
71
72
60
35
16
27
59
74
52
27
18
26
50
64
67
73
75
76
72
49
28
33
42
53
51
34
16
16
16
27
51
38
25
42
56
51
37
36
40
42
37
43
67
90
96
66
41
34
38
44
43
40
25
18
21
20
23
38
53
50
26
4
10
20
26
42
44
28
21
34
54
52
34
32
43
69
75
53
45
59
69
71
72
72
70
69
69
54
33
24
34
41
45
49
52
54
44
28
29
39
49
45
33
36
42
29
18
23
33
36
29
21
12
5
6
8
-2
-18
-11
16
24
8
3
17
37
59
64
45
29
22
12
4
-1
6
20
34
50
51
33
8
6
38
83
90
72
51
34
40
55
65
72
76
70
58
49
48
65
84
70
42
27
36
42
50
45
39
22
6
11
29
38
28
26
26
33
41
42
34
19
12
22
40
55
48
27
11
28
73
83
56
41
45
49
48
40
32
28
32
32
49
58
54
49
41
20
-5
-1
32
54
57
43
28
20
5
-1
10
43
61
52
17
-4
20
56
69
73
75
76
77
76
90
103
96
81
66
59
57
45
27
22
20
25
37
48
55
53
57
70
74
70
56
40
36
59
88
97
93
97
101
96
88
85
73
51
42
60
87
97
91
92
83
65
49
41
65
96
101
96
80
58
55
75
99
89
55
29
35
61
81
91
104
103
72
51
53
74
90
81
71
54
43
55
74
86
86
89
98
81
53
42
34
22
27
33
21
7
13
28
44
38
2
-25
-25
-18
-7
10
12
16
36
67
98
106
90
64
50
58
64
68
77
64
37
25
45
87
104
76
43
26
23
36
51
67
82
87
90
90
90
80
66
65
64
67
74
76
86
86
67
49
49
57
56
50
40
32
26
24
21
27
34
25
8
2
17
36
26
13
34
51
51
54
74
84
73
36
7
22
53
57
45
29
22
22
32
37
39
52
72
61
37
39
56
53
32
10
12
24
28
11
2
6
11
24
40
42
41
35
24
20
19
24
34
37
38
40
65
90
80
56
37
37
57
80
87
73
44
36
59
58
10
-27
-30
-12
-6
1
12
34
68
90
75
49
60
107
146
144
121
107
108
115
117
121
133
131
119
105
86
60
49
41
35
48
57
57
67
74
76
70
61
56
57
56
55
55
56
69
87
85
64
42
43
70
96
92
69
38
11
6
5
-5
1
12
13
24
37
32
26
33
39
45
52
58
64
51
35
22
28
37
33
20
9
19
32
34
23
20
25
19
24
36
42
54
68
70
69
66
53
52
51
42
36
36
41
36
8
-5
13
39
36
9
-6
-5
-4
-5
-17
-21
-12
-9
-14
-40
-62
-57
-45
-51
-56
-44
-25
-26
-40
-40
-26
-30
-49
-62
-59
-43
-38
-30
-17
2
2
-22
-36
-28
-17
-23
-36
-29
-24
-26
-43
-41
-36
-28
-19
-14
-19
-23
-13
5
23
27
27
16
-17
-43
-49
-42
-38
-38
-50
-42
-12
8
19
11
-3
-7
-8
-12
-5
0
4
3
-12
-8
8
21
16
0
-8
0
12
33
39
48
59
58
56
64
75
86
92
96
84
65
56
65
67
59
80
88
76
72
67
58
51
38
37
39
34
23
41
69
81
91
106
103
81
56
49
48
42
37
45
55
69
82
90
99
97
86
83
86
75
56
48
55
66
58
53
70
91
87
84
90
80
72
77
90
115
129
109
90
73
66
86
105
100
83
70
76
101
122
112
99
118
146
150
123
90
92
118
128
108
96
100
116
114
90
76
88
101
97
92
105
107
88
73
84
93
80
60
64
81
87
77
76
77
81
88
83
64
45
52
54
53
60
74
86
90
75
70
81
76
64
