32
37
42
51
61
59
73
99
100
90
81
86
96
77
59
68
91
104
108
121
140
151
169
171
162
160
162
179
184
168
146
120
97
92
102
107
118
130
130
139
146
132
113
92
76
76
83
76
66
52
32
32
48
59
65
61
60
55
49
48
51
66
77
82
71
70
90
113
106
91
85
71
55
44
33
28
41
51
49
43
44
25
3
0
9
33
50
38
26
19
16
22
36
37
25
12
2
-6
-2
4
16
21
9
0
0
3
16
27
33
33
26
10
6
20
27
17
16
20
21
24
29
41
44
34
36
52
53
52
52
49
39
39
39
27
20
23
39
48
36
16
7
17
24
43
54
50
54
74
82
74
83
88
88
85
75
71
59
49
35
25
24
21
26
38
59
77
87
77
74
90
106
104
91
65
27
11
12
10
0
-9
-10
-18
-9
11
43
64
58
39
20
10
11
16
22
36
39
33
27
28
35
48
53
59
74
68
59
71
87
89
77
72
66
49
35
35
37
37
35
45
52
42
23
20
29
37
36
32
16
16
39
70
76
66
72
87
90
75
57
65
83
86
67
41
27
21
12
2
-2
1
1
2
-4
-21
-13
10
28
27
7
-6
-2
5
-3
-8
-9
-13
-12
-2
2
0
-4
-9
-12
-9
-1
1
1
2
11
12
13
33
51
51
42
35
23
25
35
41
52
54
44
37
35
27
20
21
36
56
64
58
56
64
65
59
55
58
70
68
57
42
32
20
11
5
-2
-6
-8
-10
-5
2
8
16
23
34
43
48
48
42
35
26
17
21
35
39
42
53
60
61
49
39
41
43
41
51
65
71
61
50
43
42
53
50
37
24
20
20
29
50
66
68
68
73
76
69
52
44
44
39
29
34
48
60
67
65
69
91
104
112
117
120
114
100
91
100
102
97
77
69
75
83
88
96
92
80
70
68
61
48
36
39
65
76
71
72
80
86
82
72
67
55
37
36
45
65
87
102
92
81
71
58
52
57
67
69
66
54
52
66
83
92
92
74
60
59
50
49
52
39
25
18
21
25
22
22
18
27
39
27
17
20
22
21
13
7
9
22
25
19
11
10
18
28
43
66
84
90
87
74
58
44
26
27
34
29
27
12
-1
-4
9
26
42
56
75
66
36
25
35
49
56
57
56
52
39
39
49
54
64
83
70
51
53
59
69
69
59
51
41
40
44
64
80
67
51
49
65
85
90
82
68
54
41
41
36
26
32
37
49
53
43
42
52
52
50
52
55
53
37
29
34
32
10
-8
5
35
43
25
9
3
5
4
4
22
35
32
24
35
44
36
17
-7
-26
-43
-42
-20
1
-2
-9
-3
6
7
10
23
22
7
1
-4
0
27
48
44
43
51
57
64
68
71
83
86
73
66
72
72
53
37
32
23
12
4
20
52
59
44
40
41
35
20
10
10
12
24
40
41
55
68
59
52
54
57
45
23
35
56
57
51
49
57
58
56
60
64
70
77
81
70
51
50
68
76
70
70
70
64
59
57
54
66
82
91
87
76
72
75
76
68
41
25
44
72
70
61
66
69
61
56
55
65
67
61
66
73
80
73
64
58
68
68
57
56
74
99
90
53
48
73
76
59
58
71
83
45
26
37
34
22
28
28
11
2
27
80
91
75
60
38
17
8
9
-3
-17
-33
-51
-56
-53
-36
-20
-18
-10
5
12
5
10
17
18
17
10
7
18
38
18
-26
-40
-29
1
35
52
52
48
33
20
23
33
43
58
66
52
40
39
42
42
49
54
56
49
32
23
35
51
55
64
61
53
54
64
77
83
74
58
41
49
57
49
44
67
74
64
57
67
73
57
26
16
34
60
68
54
36
21
25
57
87
86
70
65
40
32
55
75
70
40
18
18
39
58
67
52
41
53
68
65
48
39
44
58
77
82
66
45
36
45
64
73
84
85
72
59
66
88
97
89
91
85
90
90
67
51
70
83
83
77
70
55
50
61
80
83
101
103
80
68
61
71
90
91
74
70
87
98
84
75
82
70
45
26
16
37
64
60
48
36
33
22
17
17
8
5
5
6
11
21
24
7
-8
-8
0
5
3
0
-1
4
18
7
-5
10
38
38
23
17
26
20
4
0
6
24
35
26
6
-8
-9
-2
-3
-1
3
3
8
4
1
4
20
22
6
-3
7
38
69
76
66
42
33
38
49
48
27
17
7
9
21
28
24
19
21
27
32
38
66
81
57
25
11
33
60
66
55
38
24
11
0
-3
12
41
59
59
33
0
-7
17
50
58
57
59
75
90
89
77
72
92
105
84
45
28
27
35
49
60
58
49
39
40
67
103
116
114
108
100
97
97
92
97
103
103
99
87
68
60
71
74
68
64
54
65
75
74
67
61
65
64
60
68
64
60
56
45
50
60
84
