88
80
76
74
54
50
64
69
69
73
84
88
92
75
49
33
11
2
16
54
87
73
49
44
27
9
11
33
38
37
35
18
0
9
36
54
54
42
23
-10
-27
-12
6
26
65
107
123
90
39
20
40
56
65
71
72
60
34
11
19
41
81
100
74
32
-10
-42
-50
-26
2
20
39
44
24
0
7
57
99
90
52
19
5
0
10
28
48
70
85
82
67
51
40
20
-10
-35
-36
-21
0
27
37
33
33
44
60
56
27
9
7
16
18
7
-5
18
61
76
45
0
-8
13
25
16
-2
-3
9
13
19
52
89
83
27
-18
-28
-21
-1
17
19
12
10
22
49
84
100
85
65
26
-7
-21
-24
-18
20
58
54
26
6
7
39
80
100
99
56
10
10
57
92
96
98
112
102
72
44
43
56
59
53
23
-9
-28
-23
17
51
55
54
37
16
18
19
22
43
50
34
25
34
35
32
48
73
90
83
58
39
26
29
55
84
86
70
67
64
41
12
11
24
34
24
32
49
40
13
8
32
59
67
58
48
35
28
57
108
122
101
60
22
24
55
83
89
73
66
82
105
108
96
72
39
24
41
54
42
37
36
34
45
64
66
57
53
53
44
26
17
17
17
25
26
12
-2
-7
-6
-4
4
0
-10
-11
-1
10
17
27
55
68
37
-12
-29
-8
18
13
4
5
10
22
52
67
54
51
60
68
52
36
39
52
54
45
48
54
48
26
26
52
59
42
36
60
102
124
133
121
101
83
96
116
106
72
51
55
64
53
27
5
21
66
88
73
29
-35
-61
-20
27
24
6
3
4
8
9
22
36
35
32
29
25
23
28
42
72
76
32
-19
-17
18
34
10
-7
8
48
74
103
129
116
80
24
-12
-19
-13
-6
0
6
11
-1
-27
-33
-2
37
45
33
27
27
40
64
71
85
98
75
35
20
18
10
2
-5
-5
-9
-19
-12
18
48
60
65
64
72
103
129
115
70
36
27
26
25
42
52
5
-46
-41
9
53
60
42
27
37
70
115
153
144
90
81
105
105
70
35
26
23
9
4
25
58
69
48
25
16
9
11
17
8
10
42
74
81
64
52
61
84
82
52
24
17
45
76
99
90
64
32
20
42
52
21
-9
-10
21
36
12
0
10
38
70
84
65
25
-9
-49
-36
12
38
33
24
28
53
68
44
7
2
23
50
66
75
84
76
77
83
74
59
42
38
37
24
4
20
68
119
154
155
132
129
172
230
220
148
100
98
103
97
82
66
41
18
5
8
11
19
67
115
99
75
103
139
134
105
92
105
105
82
58
81
141
167
118
59
54
80
75
38
7
8
23
28
22
42
86
98
83
77
85
64
51
69
80
71
83
102
90
70
66
65
58
44
27
17
18
35
66
83
65
41
40
75
117
133
105
52
40
67
88
101
98
42
-42
-72
-37
21
55
51
53
65
65
43
6
9
72
145
139
69
13
17
43
58
64
49
35
22
-13
-42
-26
-3
5
29
52
48
36
42
58
69
41
-3
-33
-33
-3
20
33
17
-33
-87
-90
-37
-4
-17
-27
-8
25
53
83
112
103
65
42
57
65
39
12
32
60
40
-19
-34
12
65
86
83
60
48
36
36
80
102
72
48
33
20
16
6
-6
-11
-3
11
28
40
44
57
65
36
-1
-20
-5
33
54
44
54
88
97
76
51
26
17
3
-18
-33
-24
0
24
38
39
32
24
9
17
52
81
68
17
-36
-19
41
84
87
52
4
-40
-62
-37
8
20
-3
-9
11
28
34
42
43
32
39
58
56
17
-23
-7
34
59
64
54
40
22
7
1
2
1
6
24
35
49
58
39
19
28
59
75
65
56
73
76
60
60
82
91
91
87
73
65
75
84
81
68
67
90
117
100
72
108
163
162
138
139
157
161
141
168
234
242
172
80
11
-7
39
112
137
106
82
83
87
88
84
80
67
56
25
-22
-39
-19
-4
18
64
103
101
70
42
21
7
-10
-40
-41
36
166
189
67
-43
-89
-90
-53
-24
-23
-53
-100
-125
-105
-43
48
123
149
160
171
145
42
-44
-52
-3
33
21
-35
-88
-92
-52
1
39
35
23
32
55
75
84
65
42
45
43
33
35
51
67
84
101
100
90
67
39
33
88
148
121
49
6
12
39
50
37
22
5
-10
-7
10
19
-1
-10
-6
-1
22
66
91
81
70
104
167
213
219
185
114
39
12
28
37
10
-17
-17
21
71
103
104
101
101
90
64
42
50
61
51
12
20
58
80
105
138
152
134
103
98
130
161
156
114
58
38
61
66
36
12
19
32
27
40
76
99
77
27
8
17
32
38
21
7
17
27
25
26
44
71
88
73
44
39
43
41
37
42
43
41
45
59
80
81
65
28
-7
-40
-50
-19
20
52
103
152
134
84
80
112
113
53
10
44
83
75
73
85
98
98
77
69
76
86
72
49
44
48
49
60
86
