45
54
64
68
70
69
66
68
71
72
67
59
64
69
70
76
68
50
37
38
42
35
20
6
3
2
-1
-1
0
1
7
7
5
5
8
24
43
40
26
16
16
28
42
39
40
35
21
8
8
18
25
28
13
3
6
16
21
33
50
64
77
91
85
58
35
36
49
49
28
6
4
13
24
29
32
33
42
43
39
41
44
43
44
53
57
59
67
75
76
75
84
96
96
76
54
33
23
33
13
-12
-22
-24
-22
-20
-34
-45
-26
10
42
57
70
87
93
81
71
72
67
58
60
68
75
75
68
66
73
83
91
97
101
96
80
70
69
73
84
83
69
57
56
66
77
81
66
69
92
115
114
91
73
73
85
89
81
69
55
41
28
18
10
20
29
37
36
34
40
52
51
44
44
37
34
40
49
48
38
35
32
32
40
45
41
21
3
0
-1
-4
-5
10
21
21
34
40
43
52
59
66
69
56
40
34
34
38
39
38
40
50
53
44
38
39
51
64
66
60
65
60
52
39
28
27
32
32
34
39
35
33
36
43
55
54
42
26
24
37
41
45
51
37
24
34
42
49
48
44
52
57
51
36
28
13
6
19
39
58
60
51
37
29
44
67
72
55
50
56
56
44
38
42
41
49
65
69
36
-5
5
40
53
48
38
23
8
19
36
44
56
60
69
82
86
83
82
92
106
112
109
108
115
119
115
100
81
87
106
116
114
103
98
96
91
83
67
57
60
72
77
76
77
90
107
119
131
134
121
91
82
86
89
97
91
72
51
55
72
76
70
66
57
52
48
50
56
59
67
68
67
64
72
84
67
33
18
19
32
49
57
51
45
54
64
71
80
83
76
64
49
43
42
43
39
35
38
42
36
32
37
48
58
59
54
42
36
26
18
20
34
48
51
49
41
37
36
29
23
34
42
37
33
32
29
26
21
22
24
29
37
42
43
38
34
22
8
9
2
-18
-18
-5
8
28
51
64
50
8
-26
-46
-46
-54
-75
-87
-83
-70
-57
-42
-23
-6
6
5
-5
-13
-23
-22
1
25
17
0
-7
0
7
12
9
0
-9
-18
-11
0
16
29
29
19
7
-6
-21
-33
-27
-17
-4
18
27
37
32
11
0
2
23
49
51
40
34
34
28
26
39
69
91
88
67
44
37
44
66
83
82
68
56
58
66
59
43
33
32
32
25
23
28
37
36
36
41
44
51
51
43
48
57
51
41
44
53
43
39
50
51
54
65
65
43
18
18
42
69
89
83
57
40
29
16
5
11
22
22
29
50
67
56
29
10
23
51
64
55
21
-4
-1
19
35
48
67
74
59
51
56
58
67
71
58
44
48
57
66
68
61
49
42
49
57
74
82
81
70
61
66
76
91
90
81
83
93
92
88
92
86
83
85
85
84
80
84
91
76
50
45
80
118
134
117
85
56
48
54
61
50
19
-4
-11
5
43
83
102
113
123
130
135
131
115
98
81
66
65
60
48
50
66
81
88
83
69
69
70
73
83
92
89
68
51
51
58
69
66
55
44
39
45
56
57
44
41
57
70
70
61
56
66
65
65
73
84
76
58
48
53
59
55
52
57
56
52
50
40
33
36
49
60
80
89
91
85
72
56
41
24
26
44
59
58
44
40
48
61
71
66
64
60
45
25
18
33
44
52
59
70
72
60
40
32
38
43
49
49
51
58
57
36
17
18
38
50
54
67
73
69
73
86
96
81
76
90
97
96
96
90
81
70
81
83
73
59
54
69
89
93
85
77
72
60
53
55
67
73
76
88
89
59
23
10
11
6
5
16
23
23
20
23
25
33
42
48
40
27
20
24
37
45
35
12
7
17
32
34
9
-12
-14
-4
-3
0
10
6
-3
-7
-6
-5
-12
-5
18
27
20
18
25
24
27
34
38
37
33
26
16
20
25
25
27
33
33
29
20
19
35
48
57
51
-2
-44
-45
2
72
104
101
86
82
100
120
139
137
101
58
36
65
82
27
-36
-18
58
98
86
70
70
70
72
96
105
92
84
67
56
70
71
56
51
49
53
67
64
38
4
-21
-13
8
28
38
33
18
7
2
5
8
4
-3
-4
-6
-11
-6
2
1
6
21
35
49
53
53
52
50
42
33
28
25
21
25
21
4
0
4
12
22
22
18
23
27
23
25
34
38
54
58
49
33
18
11
6
0
2
9
10
12
21
19
11
20
48
80
86
69
51
36
35
48
42
18
8
26
43
40
36
36
33
23
18
20
27
38
42
36
36
43
35
17
25
37
39
38
49
58
69
73
73
64
50
49
58
65
66
66
56
36
25
26
24
25
36
51
69
75
67
54
53
64
58
40
18
2
0
4
13
21
19
22
34
37
34
35
36
38
37
27
26
33
34
37
42
45
40
35
52
73
74
69
61
60
