40
38
41
53
64
57
50
48
52
60
71
72
73
65
45
41
50
42
33
27
29
27
20
18
33
57
73
80
72
42
11
-1
-8
-24
-35
-27
-6
-2
1
19
48
74
84
73
83
91
87
76
68
57
59
75
83
86
99
104
90
75
64
54
52
64
73
76
75
75
84
89
84
68
57
65
75
80
68
60
49
22
18
23
20
26
40
48
52
69
85
75
74
89
92
77
64
51
37
28
36
52
58
50
28
20
23
36
40
33
22
20
27
44
53
51
51
55
51
42
48
56
72
82
69
36
5
0
11
39
64
56
32
16
19
28
35
36
42
49
34
12
8
12
16
11
11
23
35
36
27
18
13
34
43
38
28
22
24
28
16
0
7
28
34
25
22
24
43
61
57
48
39
36
34
21
7
6
7
2
-14
-29
-40
-27
-4
21
39
41
38
28
26
37
37
32
26
16
8
17
27
38
43
53
54
49
40
24
20
28
42
51
49
49
57
73
74
56
38
25
33
52
58
52
44
42
35
20
19
36
49
41
24
6
7
27
44
53
50
40
36
48
50
44
44
42
49
52
66
72
70
64
56
48
34
29
35
39
52
66
64
44
28
37
54
60
65
71
74
80
73
60
58
66
70
57
53
60
65
60
64
56
48
42
37
28
43
67
77
74
66
56
57
58
48
37
39
42
41
51
71
82
80
69
58
57
56
49
43
37
32
38
49
76
106
118
102
73
42
32
26
21
12
16
20
20
20
36
66
84
90
84
75
74
67
45
27
34
44
49
48
52
55
56
57
67
74
84
86
81
71
65
58
57
50
44
49
40
35
37
35
33
43
54
58
55
48
43
49
56
70
83
88
84
80
69
54
49
38
35
53
68
60
39
33
45
61
70
65
55
56
57
43
27
19
9
9
13
11
4
24
59
75
68
38
36
61
84
83
66
52
53
64
69
56
50
57
71
66
54
53
67
64
58
73
80
74
73
73
80
89
92
88
91
98
96
92
82
65
59
75
105
117
100
76
73
82
90
80
56
41
41
48
67
97
112
99
81
73
71
70
72
60
39
21
-1
-17
-22
-12
12
42
54
40
35
49
67
82
74
71
71
54
41
55
72
71
68
80
89
93
101
88
60
55
71
91
100
88
85
89
104
125
128
109
90
80
69
56
56
61
65
58
67
70
66
53
38
44
73
89
81
56
44
45
44
37
17
6
16
29
40
39
28
24
35
56
64
64
71
70
50
25
22
32
35
32
12
-4
4
18
33
40
24
4
5
22
44
50
34
27
34
35
33
34
41
39
19
-2
-8
9
40
52
42
35
34
51
67
59
51
43
43
51
56
67
72
81
73
54
45
40
27
17
18
18
1
-8
-17
-12
2
13
20
19
16
25
38
35
27
8
-1
7
20
21
22
33
50
53
41
39
44
51
56
55
35
23
23
17
5
-8
-9
-7
-11
-8
3
26
48
65
73
80
84
85
86
97
96
73
55
42
37
37
40
44
45
36
32
41
49
58
67
59
43
32
39
70
75
51
37
26
8
11
32
50
67
72
64
58
74
85
81
68
58
69
75
57
37
33
49
72
81
80
72
65
64
70
87
96
87
75
68
66
72
83
85
76
70
71
66
60
56
37
16
16
33
41
40
36
35
36
33
43
57
58
60
49
36
36
44
58
69
67
60
59
49
23
2
11
26
35
25
16
18
25
38
42
39
24
17
8
1
3
2
-6
-9
-6
-5
2
10
6
10
20
25
33
39
33
10
4
23
53
71
65
41
35
34
41
59
68
67
58
53
43
32
24
22
27
37
53
53
50
51
52
50
55
66
81
96
107
116
109
105
107
96
83
82
86
85
86
85
80
74
70
56
52
59
68
68
64
67
76
71
54
53
69
70
58
49
41
37
37
41
42
43
55
36
-11
-46
-59
-66
-74
-72
-57
-51
-49
-40
-26
-9
2
16
21
24
27
23
12
4
16
38
48
43
51
60
66
67
71
72
70
66
72
86
96
91
77
61
67
76
83
83
75
80
92
105
112
103
86
81
81
89
97
91
83
80
75
66
53
50
52
60
74
87
109
122
120
109
92
75
71
81
87
90
87
84
76
60
55
50
52
61
66
49
36
41
40
40
40
36
36
51
54
50
53
54
55
58
54
48
41
29
19
19
20
23
26
32
33
40
57
56
40
48
61
65
56
40
28
27
39
50
44
33
11
-3
4
17
22
36
50
49
36
27
39
51
36
13
8
11
23
58
72
58
50
43
42
45
42
44
54
69
81
87
89
87
85
86
86
81
71
60
49
36
34
32
25
36
51
60
71
73
68
65
56
44
43
44
40
37
41
49
40
19
9
9
8
12
20
22
18
17
24
27
27
19
-13
-40
-50
-67
