88
97
107
108
104
99
86
76
84
87
76
68
81
114
131
117
88
64
59
70
84
102
101
88
82
96
109
108
108
116
109
101
103
90
74
86
108
99
57
43
70
98
84
44
38
68
101
113
104
80
52
49
73
102
115
102
76
72
88
85
43
29
50
65
60
52
44
44
51
66
77
82
86
70
50
34
25
36
54
66
67
60
61
64
61
54
40
44
69
71
51
35
48
53
42
53
67
66
57
51
36
29
35
41
50
48
26
20
38
39
20
4
12
42
56
57
50
33
12
1
-1
-3
2
-7
-28
-39
-35
-49
-65
-53
-33
-6
12
1
-17
-17
-4
3
9
16
12
4
-6
-17
-26
-22
-1
10
-1
-5
8
21
42
42
-1
-22
-17
-18
-23
-11
33
66
52
11
-12
2
38
72
88
81
44
12
9
7
26
73
102
97
83
83
71
52
51
84
105
102
77
53
48
59
67
40
18
50
101
134
134
116
104
101
106
118
117
105
96
86
74
83
103
113
101
122
151
162
156
133
112
90
70
80
115
129
118
87
54
52
75
81
74
86
115
120
89
56
40
23
19
21
21
40
54
40
34
48
58
66
74
91
83
54
58
89
115
114
106
102
101
99
89
83
88
88
75
64
53
49
59
72
67
51
41
52
67
71
81
82
84
91
80
44
12
2
16
52
83
88
75
56
56
76
84
57
70
125
140
92
42
32
59
98
103
92
97
98
98
87
75
70
70
70
82
115
155
154
113
86
84
98
99
76
37
12
40
75
81
66
43
36
48
96
119
75
9
-26
-20
11
44
53
43
40
36
34
35
33
18
4
-1
1
6
5
-6
-20
-27
-36
-29
-2
17
17
13
21
17
-11
-35
-13
9
8
3
6
-2
-22
-8
12
23
19
10
18
34
51
57
25
-6
-14
-9
8
38
49
28
1
-7
1
9
18
12
22
38
8
-27
-50
-51
-29
-12
11
44
40
3
-22
-25
-12
0
16
32
40
37
16
3
19
44
42
25
52
73
64
32
8
11
19
16
-2
4
50
60
33
20
26
40
52
56
66
58
66
75
57
42
67
86
87
85
76
68
66
53
44
51
60
65
58
49
52
66
82
97
103
92
61
38
50
74
77
60
38
40
75
116
118
75
44
54
71
52
12
-9
-7
11
39
42
37
50
81
97
87
75
66
59
52
28
22
42
75
112
120
115
113
115
106
93
84
67
52
54
64
64
43
34
55
71
61
51
45
48
42
23
5
9
41
59
59
43
38
44
43
37
22
20
50
74
64
33
12
16
37
59
67
55
35
21
37
68
72
53
38
41
51
51
37
28
38
58
64
56
40
9
-4
17
40
36
22
36
73
104
105
93
80
71
81
92
91
64
23
-7
-10
12
25
25
35
34
28
32
42
64
81
106
133
124
101
97
92
76
81
99
105
99
85
72
80
86
81
70
58
49
59
76
69
53
58
85
103
83
49
27
34
65
83
64
21
2
18
35
25
11
18
27
27
22
8
-4
-6
1
11
8
-1
-11
-13
-3
20
27
33
33
32
36
33
10
-13
-21
-17
-9
-1
8
34
52
50
53
60
71
89
81
42
13
12
27
39
26
5
10
24
41
59
44
26
42
66
72
60
41
25
13
7
5
2
0
4
1
-5
-18
-17
1
35
54
42
20
10
12
12
6
13
22
20
21
17
9
21
45
60
49
23
1
-12
-18
-10
5
21
19
32
49
66
97
116
112
102
96
93
81
60
54
55
60
59
55
55
59
60
66
61
69
81
73
48
27
18
25
71
113
112
88
83
82
92
106
113
120
108
96
89
83
85
102
117
112
100
108
128
134
118
90
68
51
60
84
93
96
93
101
97
70
54
56
65
51
18
-5
-4
-9
-17
-12
0
9
18
17
4
-10
-8
-4
-11
-28
-37
-45
-57
-46
-18
-4
-18
-36
-55
-53
-19
1
-11
-18
-9
-4
-17
-40
-72
-77
-65
-34
-8
-9
-22
-20
-9
0
0
0
16
33
32
18
18
17
11
33
53
57
59
52
41
32
18
20
22
16
6
4
-3
1
36
73
92
91
87
76
55
37
26
25
32
39
43
41
52
52
57
77
83
72
69
72
69
54
42
39
50
66
61
50
40
53
58
48
43
44
55
70
68
65
70
74
71
53
33
9
-10
-12
5
29
48
34
8
2
2
1
9
42
56
57
54
67
81
83
84
105
100
72
54
52
51
60
82
80
43
19
34
56
68
68
64
68
71
81
80
74
70
61
54
52
54
58
76
105
103
68
35
20
29
52
58
56
64
73
76
64
52
50
59
74
99
107
85
64
50
28
26
43
56
37
18
7
1
32
81
103
83
45
25
38
51
38
20
20
59
92
99
84
67
74
103
113
98
65
41
36
48
52
55
64
65
55
49
43
43
43
38
57
84
83
53
25
19
32
50
52
33
5
-12
