28
36
34
26
33
40
40
33
32
39
43
38
34
33
27
24
11
-7
-18
-10
16
25
20
17
23
32
23
11
18
39
50
52
57
73
84
82
81
80
74
66
61
58
64
64
59
65
67
65
55
39
27
38
60
72
86
101
100
85
77
71
73
83
86
87
72
43
32
40
59
82
86
76
68
68
73
65
58
69
96
112
108
101
89
73
65
71
91
103
87
71
68
68
83
91
76
57
58
71
85
91
90
84
82
82
75
70
61
52
44
59
68
60
52
44
52
67
75
75
66
50
28
24
38
51
56
59
54
34
18
9
2
-2
6
26
39
35
35
40
36
24
16
19
43
53
40
37
48
65
67
40
24
36
44
22
-6
-17
9
57
60
26
5
9
27
54
76
69
41
29
40
52
44
25
19
37
66
73
60
45
38
25
20
12
25
49
54
44
22
8
18
40
55
43
25
27
36
32
11
-18
-42
-27
7
29
43
41
29
24
25
43
74
86
73
53
37
34
38
56
80
89
76
65
76
99
103
99
100
91
85
83
73
57
65
85
103
97
66
53
59
69
69
60
44
27
12
20
48
58
51
50
52
49
45
56
75
80
69
54
48
28
13
24
54
80
80
70
57
40
33
20
7
10
20
27
22
1
-3
17
33
41
42
34
24
17
7
-9
-21
-22
-8
11
41
66
68
52
42
34
22
12
12
20
26
33
27
8
2
11
19
20
32
21
-10
-19
17
49
41
20
11
27
41
42
34
24
26
32
26
10
-7
-8
9
28
50
57
48
21
8
10
8
11
17
20
17
19
27
38
32
33
34
23
26
39
32
13
20
41
64
65
54
48
37
34
35
38
54
76
87
60
18
2
17
41
57
60
56
44
49
67
67
52
35
28
44
71
81
74
64
52
51
58
51
26
24
48
61
56
41
28
28
39
56
71
83
76
54
37
52
73
89
103
107
97
83
64
54
65
68
60
65
60
56
52
49
51
50
50
67
81
61
39
40
51
66
83
96
89
80
74
84
98
99
88
83
72
64
59
57
65
68
64
74
90
88
85
89
89
100
113
114
105
98
89
97
103
96
76
58
44
34
25
28
49
73
90
99
100
84
70
82
102
105
99
86
73
72
85
102
99
86
82
87
85
80
69
57
68
84
76
64
38
10
17
52
90
114
107
92
100
118
123
115
105
89
72
67
68
72
80
77
70
59
66
68
66
56
32
6
4
28
59
67
54
40
37
38
39
40
37
26
25
22
2
-4
7
22
24
23
36
57
68
70
65
37
13
28
57
65
55
41
22
5
3
18
41
51
37
25
25
16
-5
-17
-17
-4
11
4
-24
-44
-51
-39
-18
6
16
20
36
57
64
57
40
0
-37
-36
-7
9
5
5
16
17
12
4
-6
-11
-11
-2
1
-7
-10
-9
-12
-12
-9
2
17
20
25
43
53
55
52
44
52
74
86
81
64
44
35
34
23
6
-5
-9
-11
-9
0
4
8
21
24
19
22
36
39
36
35
37
39
36
33
33
40
41
39
43
40
20
1
2
7
5
5
11
23
42
61
69
42
19
29
43
43
39
35
43
49
50
44
50
56
52
39
34
25
17
17
4
-6
3
17
33
52
65
50
37
50
66
42
21
25
25
4
-7
-7
-8
10
38
49
51
56
64
58
43
39
43
36
36
49
68
84
105
123
134
129
120
113
93
70
49
37
27
28
39
43
42
53
59
57
52
57
67
53
35
32
37
29
27
50
80
105
122
117
89
57
42
42
55
66
58
40
38
48
56
73
102
115
98
74
70
72
58
43
38
37
35
41
60
65
56
54
73
96
86
65
50
44
43
40
34
34
36
28
25
34
50
66
84
92
73
54
38
40
51
56
56
43
33
12
-5
1
12
32
50
69
76
75
56
34
39
48
44
42
29
8
2
20
51
59
44
48
59
58
59
58
50
33
24
32
40
42
51
57
64
67
64
60
73
76
66
58
70
80
83
74
57
55
60
51
48
58
73
70
48
39
38
50
57
58
57
52
68
88
100
85
60
53
51
64
82
84
71
55
49
55
58
56
56
58
57
43
39
49
55
56
60
60
59
60
72
88
85
67
55
61
58
43
28
26
27
19
18
10
-8
-23
-12
19
51
60
48
26
28
35
32
17
19
22
-4
-33
-27
-4
11
17
24
35
36
22
19
26
32
22
7
-3
-4
-9
-17
-8
-5
-11
-6
7
2
-7
-7
1
6
6
8
18
21
-7
-14
-2
13
28
41
42
55
69
65
43
28
26
38
38
36
25
12
3
6
25
33
21
8
-1
1
16
22
13
0
-5
5
21
21
12
50
96
91
75
74
75
72
56
34
24
25
8
-19
-29
-35
-25
-5
6
9
34
70
70
48
29
42
65
75
87
60
8
-4
21
57
89
99
80
