18
40
90
114
89
68
56
48
37
34
32
29
27
24
23
29
32
28
33
37
28
25
48
72
72
51
28
40
74
99
98
88
85
93
92
80
61
49
40
39
39
41
53
39
9
-5
-3
11
36
51
56
53
54
59
55
45
43
41
12
-12
-11
19
58
82
74
50
33
27
28
34
39
42
45
42
35
35
44
48
49
56
64
67
72
76
73
68
60
67
76
80
69
56
54
66
69
64
50
48
74
114
117
85
41
20
24
37
48
56
69
57
38
39
50
55
71
83
70
56
60
60
56
57
67
73
68
58
69
80
82
76
70
68
70
86
98
100
93
80
75
85
76
56
39
32
35
40
39
23
10
20
60
97
89
69
59
56
58
76
90
92
82
72
75
88
104
107
96
72
54
51
52
51
44
50
54
54
52
43
40
48
48
50
51
34
22
33
35
36
51
82
86
57
43
43
37
37
40
41
34
22
20
28
39
40
29
28
40
40
33
27
34
36
33
22
27
58
72
66
67
85
112
118
119
134
150
160
154
116
61
39
57
80
83
83
76
70
80
85
84
77
83
81
72
64
50
36
25
19
20
24
11
-5
0
10
16
9
-5
-19
-18
-11
-5
-1
-1
-3
-9
-24
-35
-29
-13
-3
-2
6
20
21
8
-1
4
20
50
59
48
28
17
7
12
27
34
35
34
25
22
44
72
80
66
48
52
64
68
76
77
65
56
57
54
49
32
19
21
24
25
36
52
54
42
32
28
32
21
17
23
20
4
-2
7
20
37
52
53
54
58
53
43
42
42
48
54
55
44
38
32
36
49
48
22
-2
12
48
53
48
49
49
54
72
96
108
103
68
33
26
34
19
-1
-22
-38
-33
-26
-38
-37
-19
-1
-3
-14
-20
-25
-40
-65
-82
-75
-52
-35
-30
-40
-54
-53
-34
-3
19
22
21
38
60
70
70
66
68
76
80
73
70
60
40
24
24
23
18
24
51
71
83
91
101
106
112
115
117
116
109
105
102
105
100
86
74
67
55
64
89
114
116
103
101
106
114
108
101
107
128
128
113
87
65
49
39
39
41
42
53
60
58
64
69
71
67
56
60
74
82
67
45
56
87
117
133
124
109
92
72
68
74
75
65
48
41
48
59
68
66
69
80
81
70
75
88
74
50
29
26
51
74
81
68
59
85
124
148
120
83
61
49
39
59
85
99
102
99
92
91
99
115
108
82
60
70
87
88
69
54
57
68
84
102
117
114
91
75
69
67
81
99
103
92
82
68
66
73
83
75
52
29
22
18
16
10
20
40
45
33
26
28
40
54
44
18
1
6
17
26
32
22
32
38
26
8
17
35
49
43
23
21
42
49
17
-19
-3
36
51
35
23
23
33
52
59
54
56
67
74
72
57
33
4
-13
-21
-9
2
12
24
34
49
68
88
99
82
59
43
29
23
25
22
11
1
8
26
36
36
26
24
21
7
6
27
48
48
53
71
89
93
65
21
-1
4
12
1
-19
-13
2
17
29
43
41
24
16
16
24
32
39
35
23
33
38
20
9
26
50
43
4
-28
-35
-18
4
11
18
20
23
34
41
34
23
36
54
50
34
26
36
48
44
40
41
41
38
34
39
52
33
7
16
38
39
27
20
16
11
1
-7
-8
0
11
25
41
59
59
48
35
24
18
9
3
6
20
33
33
24
23
37
51
57
57
48
21
-6
-29
-43
-33
-13
0
26
45
35
8
-13
-8
7
8
-1
-10
-22
-40
-46
-27
4
23
18
17
18
21
27
28
26
26
33
35
32
44
70
91
107
89
55
25
17
32
43
50
58
58
53
52
53
52
56
64
58
43
52
82
91
86
80
87
108
119
116
112
99
81
68
69
77
86
98
101
90
75
64
56
50
51
58
64
84
113
128
134
137
130
115
96
76
67
60
54
42
24
29
55
75
81
86
92
96
93
88
74
68
67
65
71
87
99
108
122
120
101
72
49
18
-9
-19
-18
-19
-19
-21
-7
21
49
66
71
60
39
16
16
21
21
23
36
54
66
70
75
81
85
88
82
55
32
26
32
40
55
51
34
9
-14
-29
-19
-4
-8
-9
5
18
16
19
23
34
53
73
83
70
48
33
23
20
20
11
-3
-7
-8
-10
-2
4
1
7
24
36
49
72
90
93
73
58
56
57
49
35
40
54
53
54
60
69
74
69
68
74
84
83
67
42
41
61
100
132
133
121
106
98
85
72
68
74
82
80
71
69
68
69
85
122
148
134
106
87
71
67
76
90
81
51
34
44
60
70
80
75
64
57
48
37
34
32
22
8
6
19
28
41
68
83
80
70
64
42
18
12
21
19
11
19
35
37
16
-8
-6
9
17
18
29
41
34
26
24
34
48
50
39
27
29
26
13
18
37
51
60
69
58
34
24
35
34
17
-5
-30
-35
-6
