58
49
64
97
102
65
23
17
36
39
20
0
-3
11
34
35
21
12
32
41
34
21
35
69
97
98
73
60
68
64
48
44
59
68
59
38
10
3
20
42
50
26
-9
-19
4
57
104
106
75
57
58
58
42
24
27
41
49
40
33
34
44
69
92
87
50
6
-6
-9
-4
10
9
-3
0
39
70
58
39
39
64
61
37
26
24
28
51
67
60
51
55
71
80
68
49
33
27
35
35
32
54
85
90
70
59
80
105
114
100
75
50
49
72
103
123
109
70
49
56
67
76
84
87
80
66
71
90
101
69
20
7
37
43
21
-6
-19
-9
20
59
64
48
43
56
49
11
-22
-37
-40
-37
-33
-41
-43
-28
-3
33
48
41
27
25
43
44
23
3
10
43
68
75
58
36
43
69
65
34
9
-1
1
25
71
108
102
72
60
66
74
66
38
1
-22
-24
2
18
-7
-28
-10
25
52
69
70
42
23
21
36
58
66
41
18
20
35
29
13
18
34
54
57
58
75
91
101
103
104
87
53
17
10
42
55
27
18
40
52
28
-4
-4
16
36
42
38
16
-4
5
32
38
23
1
2
25
33
-2
-49
-72
-54
-38
-40
-35
-11
8
5
-7
0
-3
-26
-46
-49
-30
-21
-30
-49
-30
-4
8
17
21
33
24
9
-6
-5
9
24
56
84
82
72
90
97
72
64
69
64
39
25
16
7
25
55
55
22
22
49
60
49
37
34
49
75
101
129
139
138
129
106
83
72
65
40
26
24
19
23
58
100
123
104
67
50
53
56
58
73
92
85
64
55
66
82
92
97
97
82
51
20
19
56
98
119
121
120
115
97
91
106
113
90
61
36
37
64
74
57
32
25
43
70
76
58
40
18
-1
7
32
44
67
74
64
52
70
99
119
123
113
98
86
71
53
53
65
65
56
64
67
64
68
80
74
56
55
64
57
52
44
42
49
44
36
44
72
100
103
99
105
102
85
71
58
38
10
-2
9
19
35
41
48
57
59
48
25
27
54
87
102
84
43
33
57
81
66
38
33
57
105
130
113
81
64
66
83
96
90
80
42
6
-5
-3
2
10
22
34
42
49
42
49
58
58
64
80
88
72
53
45
41
32
43
60
68
65
52
25
1
-8
-13
-19
10
66
115
112
81
69
84
96
88
69
53
52
32
-14
-43
-43
-25
-17
-13
1
17
23
12
5
13
22
12
0
1
19
40
43
33
21
8
3
27
61
57
16
-17
-10
-4
-6
-17
-33
-27
-10
-5
1
9
22
18
4
8
11
-9
-30
-38
-52
-72
-74
-56
-40
-40
-45
-38
-14
7
21
17
6
-3
-9
-1
21
22
5
3
18
25
23
18
20
32
45
57
42
16
3
-3
-6
5
28
52
59
71
81
81
83
83
72
45
21
23
34
49
81
107
129
138
148
150
130
112
97
82
75
71
65
55
59
76
97
120
148
179
176
116
52
37
64
88
88
67
39
27
41
82
135
149
117
83
76
92
106
106
100
98
89
64
36
39
65
90
107
102
89
96
115
134
144
136
125
114
106
101
90
82
71
66
77
108
121
113
106
106
112
101
80
58
53
59
70
76
84
81
76
70
61
66
64
49
38
37
29
13
4
5
25
57
73
71
64
56
53
52
48
40
36
25
19
20
17
6
2
-1
-2
2
8
16
20
21
11
17
42
67
75
70
68
75
92
98
82
56
27
5
-7
-8
5
16
19
21
23
38
75
97
89
69
44
24
13
17
35
48
50
53
65
84
99
93
80
66
75
100
92
64
24
9
21
28
28
33
39
45
41
22
2
1
12
37
66
76
68
60
64
53
36
28
36
41
40
24
6
4
9
12
19
34
40
42
55
57
43
23
20
39
54
56
52
51
66
84
82
68
71
88
97
96
92
87
67
37
28
42
25
-2
-6
4
18
29
37
41
49
66
92
130
155
147
108
68
53
56
52
56
67
57
49
40
28
12
1
13
53
80
83
82
83
75
81
101
123
130
98
44
4
-2
38
74
74
74
76
72
68
64
51
38
35
23
9
20
28
5
-30
-37
20
73
68
26
-23
-51
-25
25
65
72
53
32
34
51
64
40
12
27
71
87
69
64
73
83
74
55
38
38
44
44
9
-39
-27
49
109
132
129
88
41
33
59
80
80
58
39
35
42
42
41
37
16
-20
-46
-67
-73
-42
-3
1
-28
-49
-65
-73
-23
37
51
3
-102
-179
-133
-27
33
19
-18
-26
-1
25
42
65
98
115
105
76
38
-2
-12
-2
11
32
37
9
-19
-2
24
23
-5
-36
-22
3
-13
-50
-41
19
90
117
97
86
113
132
129
119
103
55
0
-25
-27
-29
-14
26
72
89
76
55
40
42
58
69
68
70
76
71
58
52
44
45
48
41
36
57
89
92
75
65
43
32
48
73
77
60
41
37
40
43
55
56
45
49
60
68
60
54
