48
49
64
67
49
17
12
37
54
51
52
73
88
74
35
3
-1
17
33
43
43
34
33
34
17
-10
-33
-26
16
70
97
88
66
54
70
106
128
120
116
120
102
76
71
84
100
105
117
137
152
134
86
39
17
19
24
20
16
18
37
68
86
86
84
69
45
42
50
91
132
112
64
39
44
55
43
25
26
39
40
25
16
27
45
53
65
76
74
59
55
58
56
54
64
70
66
58
56
48
38
26
25
26
10
2
0
7
20
37
50
57
56
51
57
71
68
59
56
65
68
71
85
89
87
104
108
75
49
38
32
28
52
80
75
59
51
53
60
68
65
53
38
27
34
59
80
56
13
0
20
43
37
8
-10
4
39
54
42
34
52
76
84
64
25
5
8
37
67
64
42
35
38
50
56
61
67
61
54
56
74
99
97
76
64
66
76
85
82
67
57
75
88
76
60
56
60
68
64
58
74
85
64
44
48
34
-10
-22
17
53
57
29
10
39
83
82
53
42
48
49
50
44
50
59
81
84
64
33
21
32
45
44
32
17
28
67
90
69
28
23
43
54
38
18
17
27
40
39
43
65
66
39
3
-11
-5
9
5
-12
-20
-19
-21
-23
-2
24
33
23
16
10
7
1
-3
0
21
51
55
32
5
-2
1
1
-1
3
-10
-25
-23
-11
-1
4
12
33
56
53
26
6
9
32
43
32
19
23
39
44
49
55
59
58
49
35
36
51
64
57
44
42
58
71
66
50
37
49
71
64
37
28
42
41
36
50
57
55
44
36
39
51
65
71
64
51
40
48
70
89
89
75
67
73
84
87
91
90
74
59
73
104
122
119
117
119
118
112
104
99
88
75
64
48
45
57
59
41
33
43
51
42
29
37
61
82
76
54
43
40
48
76
73
13
-11
13
51
69
57
38
32
34
32
29
28
20
8
0
-6
-4
-8
-22
-18
2
11
9
6
3
5
28
60
86
84
59
55
67
65
41
27
34
44
56
66
50
34
41
54
45
39
50
51
52
64
72
73
77
76
68
59
53
52
58
61
54
37
33
35
32
42
55
54
50
35
22
17
21
27
39
55
81
112
119
97
54
17
-2
-8
-13
-6
2
-8
-40
-74
-86
-58
-10
24
35
26
24
37
39
34
45
84
102
76
37
12
7
-3
-9
-4
6
3
-18
-39
-57
-49
-13
19
43
37
9
20
57
98
106
77
44
34
41
48
55
68
85
101
91
66
55
76
100
97
80
61
50
51
66
81
87
84
76
72
69
57
48
51
64
70
74
89
105
92
58
34
24
25
25
26
36
41
42
42
39
41
48
59
67
56
35
-9
-39
-28
-7
-1
-4
-4
-6
-2
18
34
21
16
28
23
5
-11
-19
-7
9
25
41
56
57
48
34
33
34
35
33
32
25
25
49
75
90
93
92
86
83
85
82
76
67
57
51
51
58
70
83
86
88
97
106
114
109
96
83
83
88
83
71
56
70
100
98
72
59
65
77
75
52
36
34
38
48
51
57
65
56
38
38
55
60
69
84
92
86
80
75
60
54
65
54
24
-2
2
17
27
42
48
43
34
29
43
54
44
33
28
39
45
53
55
53
48
49
66
98
117
106
81
72
96
113
100
74
60
49
25
-8
-55
-77
-58
-25
-7
-2
-3
0
10
20
21
22
24
16
-2
-10
-19
-19
17
72
93
68
33
19
20
28
36
27
12
7
23
41
56
66
64
54
48
54
66
68
58
52
65
83
96
100
91
85
80
72
64
50
37
22
18
20
19
12
7
2
9
27
51
58
60
69
69
64
55
43
39
37
20
16
34
45
51
43
43
57
52
24
-3
1
33
55
58
50
42
53
72
68
38
37
67
80
84
84
77
72
66
59
49
49
53
42
25
18
24
35
34
23
24
32
26
21
22
25
32
43
58
54
37
39
54
51
37
24
20
36
56
61
55
50
34
27
36
50
69
81
80
80
82
85
76
64
55
52
35
24
26
28
39
53
55
54
40
22
17
23
34
53
92
130
138
131
131
144
164
166
149
131
122
119
121
122
118
114
116
120
114
97
82
80
84
84
76
68
66
72
86
89
76
56
54
58
57
45
42
52
65
65
50
35
23
18
11
9
8
7
1
-5
-11
-9
-4
-4
-8
-11
-4
1
-8
-34
-54
-40
-7
17
32
34
22
10
17
33
32
11
6
22
41
32
3
-2
17
33
29
21
12
5
8
26
43
41
28
28
36
28
16
10
26
37
35
27
22
13
23
38
56
71
80
83
71
40
18
11
21
33
43
52
58
58
49
49
72
88
83
69
71
84
86
58
33
24
35
49
58
64
57
58
64
59
58
81
104
108
99
102
116
106
92
85
72
61
48
32
27
42
56
65
75
87
84
74
75
75
66
57
72
99
104
98
80
60
59
76
102
128
