9
-10
6
43
53
49
52
58
64
58
39
16
11
26
36
36
38
41
36
19
21
51
77
65
23
12
45
100
120
105
92
108
118
113
105
91
65
44
44
49
49
43
48
60
85
98
89
76
61
45
38
51
70
80
82
76
75
80
86
84
68
51
38
22
17
36
37
-4
-41
-33
11
56
74
82
76
65
70
84
93
97
76
50
26
22
41
65
72
67
64
66
76
89
83
65
53
53
57
49
32
21
23
42
52
36
7
-2
13
29
33
23
5
-10
-10
9
37
40
20
-6
-21
-6
22
33
11
7
34
49
44
44
53
67
92
103
87
68
65
76
85
81
61
51
60
74
60
32
16
34
69
82
59
37
36
40
40
41
50
59
57
44
37
42
51
43
21
11
36
67
76
65
53
55
60
60
54
45
40
34
35
57
80
86
82
68
50
28
16
13
28
44
64
80
82
73
73
82
97
113
121
107
75
53
55
83
98
89
68
49
34
19
11
12
25
44
57
55
50
50
50
45
50
50
36
11
2
16
34
38
44
54
38
10
-10
-9
10
34
33
21
21
44
73
77
68
67
72
67
54
40
25
21
23
35
55
76
80
72
60
58
71
87
90
71
43
35
36
33
37
43
43
39
32
29
26
26
32
32
27
38
50
64
75
77
66
49
36
43
54
58
66
66
51
36
41
58
71
74
75
72
67
67
73
67
51
49
56
69
82
83
73
64
65
70
74
80
81
76
66
52
39
43
48
40
41
43
37
29
34
39
45
60
67
54
42
44
65
84
84
57
26
19
22
25
22
33
49
56
73
80
59
39
28
37
48
52
51
43
44
52
59
57
49
40
44
68
89
84
64
59
75
86
80
73
75
90
106
115
116
92
61
50
53
50
33
19
28
43
44
48
50
50
50
52
71
91
102
96
81
72
71
64
53
53
57
55
48
48
55
66
65
53
50
66
69
57
43
38
43
44
54
68
70
65
65
61
49
24
13
24
37
42
40
29
16
11
9
1
-3
6
18
22
25
29
24
17
7
0
-11
-28
-43
-51
-44
-38
-28
-17
2
21
29
32
25
24
34
28
8
-2
3
21
36
27
3
-9
-7
0
7
9
9
7
-11
-24
-11
10
23
13
0
-7
-2
4
11
24
37
41
21
-8
-4
21
28
24
25
38
41
37
28
22
18
10
8
5
-2
-18
-28
-20
-1
7
0
-12
-28
-36
-21
4
11
17
26
34
36
32
25
24
25
26
33
34
25
24
37
59
75
82
74
58
57
66
60
49
37
35
36
41
55
71
70
48
26
25
33
52
67
66
54
43
43
55
70
88
113
128
109
83
66
67
75
85
84
69
55
55
67
81
74
59
55
56
56
64
70
67
53
43
43
49
54
53
53
64
60
55
59
73
77
65
60
74
83
69
41
24
24
39
55
56
49
36
36
44
52
54
55
49
44
48
52
44
38
35
25
24
25
34
41
40
41
43
44
54
76
96
99
89
72
54
42
36
48
61
68
56
42
37
35
43
58
57
50
54
73
86
86
80
75
88
113
121
117
102
88
76
76
83
81
72
64
44
29
33
43
55
64
61
54
50
60
81
96
91
69
41
21
16
17
21
20
4
-10
-8
16
52
83
89
76
59
52
57
68
73
64
49
38
37
50
57
55
61
66
61
40
26
49
80
82
60
52
55
64
66
75
85
76
60
49
50
50
33
5
3
25
43
44
42
49
52
51
53
54
50
38
24
10
2
-13
-21
-4
21
29
23
17
24
43
52
35
9
-3
-9
-18
-28
-30
-13
3
21
40
44
38
45
65
75
69
40
26
28
39
56
67
66
72
86
93
99
100
76
32
2
-4
-2
5
13
23
35
41
42
43
50
53
56
66
72
74
86
90
83
68
53
51
54
66
73
73
61
42
42
56
72
72
59
53
53
44
41
53
61
65
74
97
98
76
68
69
59
42
24
10
3
-3
-5
-2
-10
-24
-23
-6
7
18
27
44
52
44
40
37
43
60
70
53
32
23
26
35
42
50
55
54
49
39
41
58
75
86
74
52
39
44
57
58
50
48
44
50
67
90
101
101
96
90
96
98
84
59
44
41
44
54
50
25
6
5
12
21
32
33
21
12
11
17
24
22
11
8
7
-6
-21
-19
-2
12
25
36
42
42
38
34
39
54
65
57
40
25
18
21
33
35
19
-4
-26
-33
-17
-5
-9
-9
-10
-12
-3
26
56
60
42
23
24
37
44
51
49
45
40
38
36
42
65
88
104
109
102
85
70
58
45
33
28
38
42
40
42
56
68
80
90
108
118
106
85
83
87
90
93
98
98
96
89
82
68
55
57
68
69
69
60
39
18
1
-2
7
20
32
43
59
70
69
64
71
93
104
85
52
36
51
82
98
86
69
60
64
64
73
90
