48
52
51
48
25
5
6
19
34
45
44
34
33
29
21
11
16
24
26
38
57
61
56
58
68
71
64
39
18
7
0
2
28
58
81
90
98
100
99
101
99
77
55
43
40
40
48
57
69
88
116
117
90
64
54
64
65
44
40
60
69
54
45
48
54
53
49
54
56
61
66
64
52
34
18
21
37
50
44
24
3
-10
-13
3
40
75
83
53
18
9
28
42
38
23
19
12
6
4
9
16
18
18
20
35
56
65
58
51
51
54
60
64
65
80
88
80
83
108
114
76
50
52
64
71
70
54
48
57
60
54
43
43
52
58
48
42
59
83
101
117
123
112
92
84
76
69
53
34
42
74
108
119
112
102
100
101
99
89
68
43
34
36
43
55
55
37
24
25
37
55
67
65
59
55
41
25
10
5
9
5
-2
-4
-4
-9
-25
-26
-6
10
7
4
32
65
71
72
85
92
70
22
-20
-27
-11
-3
-2
-7
-17
-11
11
45
43
25
1
-62
-82
37
218
293
224
114
39
8
11
48
85
67
-36
-153
-219
-222
-148
-42
22
12
-41
-93
-115
-97
-54
-20
-6
10
44
56
13
-24
-18
24
60
69
59
51
35
17
6
6
7
-1
-9
1
22
33
35
33
37
48
56
59
53
37
29
40
65
80
83
71
48
33
34
41
53
64
68
73
81
75
73
83
90
93
87
75
69
69
68
72
88
103
98
86
73
71
86
89
83
72
67
72
73
58
51
57
70
88
102
104
99
100
104
98
85
96
112
124
132
117
96
83
90
104
102
82
58
51
53
68
92
112
119
105
81
70
72
74
65
48
37
34
39
49
44
35
35
60
96
101
84
71
76
85
72
52
36
36
51
56
50
40
26
27
40
61
89
87
41
-7
-35
-25
10
43
57
49
26
7
1
28
69
90
87
64
33
9
4
16
27
25
23
36
57
59
53
48
42
53
70
75
59
28
-7
-22
1
19
8
-19
-35
-38
-35
-26
-18
-11
-30
-83
-121
-131
-120
-101
-89
-86
-69
-41
-20
-13
-11
-13
-27
-29
-20
-20
-21
-13
5
21
24
27
41
57
65
52
21
4
12
34
39
36
33
34
38
48
48
58
92
120
131
112
70
51
54
51
39
41
58
73
76
83
98
113
101
72
55
55
68
82
81
77
86
96
103
124
154
164
155
140
122
103
93
106
121
118
104
92
105
131
141
129
108
101
109
134
148
137
124
115
99
100
107
104
100
100
109
119
121
119
106
86
81
85
82
60
51
69
97
116
121
123
115
103
89
72
60
67
88
98
70
40
37
54
66
65
54
41
28
10
7
29
50
53
41
35
39
48
43
20
3
22
52
67
59
51
44
49
65
73
65
50
42
38
35
42
55
58
45
50
73
99
100
72
51
66
86
85
71
58
48
41
35
33
40
42
38
35
39
58
74
70
45
23
18
25
34
34
10
-9
-5
7
6
5
16
27
34
35
42
44
42
42
40
37
36
36
34
27
13
-1
8
35
39
21
3
2
9
12
21
24
16
-2
-21
-19
8
41
54
42
33
35
34
34
28
34
26
7
-1
4
5
2
7
32
44
35
10
7
42
73
70
54
32
10
6
25
43
45
42
49
65
74
73
52
23
13
22
34
34
24
23
33
43
53
56
60
60
44
20
10
11
5
-4
-3
17
52
80
74
51
26
20
22
22
22
28
35
23
11
5
12
27
25
11
-1
-13
-22
-11
18
48
65
74
88
86
88
105
116
106
91
76
58
48
43
52
54
49
40
28
7
3
22
45
59
64
59
53
53
57
69
85
90
74
50
34
38
55
60
50
42
42
33
25
44
73
86
80
57
42
43
48
39
32
37
35
24
32
36
42
71
98
103
90
72
60
57
67
67
51
39
35
26
13
9
16
21
20
27
38
40
49
52
48
37
34
26
24
36
44
40
28
34
41
59
74
75
76
72
77
100
112
102
87
74
68
65
50
41
44
50
45
42
48
54
55
53
66
88
89
60
33
29
48
58
68
67
60
52
53
75
115
135
109
69
50
50
59
66
64
59
49
38
38
28
23
32
26
7
0
9
22
20
5
3
6
11
8
11
25
35
25
3
-10
-14
-18
-17
-5
7
17
21
17
4
0
0
-10
-24
-25
-23
-20
-18
-21
-35
-43
-37
-37
-50
-60
-59
-59
-66
-68
-56
-28
-9
-17
-22
-7
18
43
55
55
58
58
70
92
92
73
59
53
59
71
67
56
56
45
27
26
37
18
-28
-69
-84
-86
-85
-53
-8
18
27
51
77
103
133
157
165
139
106
97
107
115
106
97
91
96
98
99
106
124
133
119
108
109
108
120
134
139
135
131
120
115
113
102
96
98
97
87
69
51
48
59
58
29
12
18
24
22
8
-8
-26
-46
-67
-44
4
40
57
80
92
99
107
123
121
93
52
23
27
58
75
75
77
