-3
23
49
59
54
39
33
34
41
55
64
57
52
55
68
73
66
57
49
40
25
17
25
42
52
33
6
17
56
93
114
107
101
103
105
98
80
60
49
38
23
10
-3
-19
-18
-5
10
26
37
45
67
81
69
43
35
50
53
32
16
28
48
58
67
67
69
80
92
114
113
74
34
19
24
25
25
39
65
73
65
55
59
65
67
74
70
50
34
26
22
33
60
71
42
5
-12
-9
5
19
22
23
27
36
37
37
41
41
39
37
35
36
36
33
26
27
22
3
-2
8
25
32
28
35
39
49
56
60
64
61
60
51
41
55
72
72
52
17
10
38
65
75
69
60
51
48
49
52
51
55
61
72
74
67
53
39
27
20
21
22
8
-8
-8
3
10
19
20
17
21
39
42
36
33
38
36
40
37
23
24
42
70
85
85
83
88
96
98
102
107
93
85
88
88
89
96
89
81
74
70
76
100
107
87
54
38
49
80
101
96
85
88
90
86
84
71
50
40
42
43
35
20
5
4
19
39
53
51
36
19
8
19
32
28
23
27
37
45
65
76
71
48
26
23
27
13
-10
-24
-21
-10
-8
-13
-20
-21
-13
-17
-20
-21
-22
-13
-6
-2
-1
-5
-3
4
9
1
-23
-38
-28
-1
23
40
45
42
34
35
53
70
80
80
68
50
39
35
28
33
51
71
90
92
77
58
43
38
50
72
81
56
20
3
10
25
33
36
41
41
35
37
44
35
16
4
13
41
54
37
8
5
25
43
52
60
66
59
49
40
36
32
38
44
28
10
4
4
4
6
9
22
41
56
64
59
50
38
24
17
13
9
8
24
40
38
33
42
68
68
49
36
27
20
12
10
11
7
-13
-45
-66
-70
-57
-40
-39
-45
-54
-46
-36
-33
-33
-28
-36
-56
-74
-78
-75
-74
-68
-52
-34
-34
-45
-38
-11
9
25
25
21
17
1
-23
-41
-51
-51
-38
-30
-28
-25
-22
-10
-2
6
11
23
39
43
39
25
11
7
19
33
19
1
9
36
57
61
52
43
54
65
57
48
48
58
69
72
74
70
61
70
87
114
132
122
105
96
93
100
103
105
103
92
89
88
88
91
96
92
98
101
98
97
89
76
66
60
70
86
98
91
81
80
91
108
115
100
89
101
115
103
75
66
89
115
112
98
92
98
106
104
76
44
44
71
99
97
81
72
80
91
99
97
86
71
48
32
28
37
43
43
43
38
41
51
51
41
43
59
83
100
101
85
68
50
36
36
49
56
49
45
44
25
5
8
23
20
7
22
52
69
69
69
72
80
77
69
70
91
102
86
72
72
82
92
98
90
75
68
73
84
82
84
103
128
130
122
119
120
129
131
122
116
115
112
87
59
56
69
71
65
60
68
81
92
98
97
92
89
89
56
7
-12
-10
-12
-24
-36
-35
-34
-39
-37
-21
-7
-6
-18
-37
-42
-35
-28
-25
-21
-6
16
34
43
42
36
32
33
36
39
43
51
49
41
45
64
85
86
65
42
52
69
56
36
52
84
96
89
74
58
54
65
84
85
68
40
25
24
24
40
55
69
81
80
60
40
27
26
28
35
40
38
34
26
28
35
37
38
32
21
18
27
40
40
27
25
41
57
64
57
40
33
41
65
81
81
65
41
35
45
53
39
25
39
59
71
69
53
43
49
42
33
38
48
44
38
36
38
42
48
42
24
3
-3
0
-1
-5
0
2
1
13
36
37
23
12
22
48
68
68
55
43
44
53
69
82
86
73
50
35
37
42
43
43
39
36
49
74
93
100
104
115
128
123
107
91
82
77
75
73
74
70
49
22
17
21
32
48
68
72
54
33
32
44
57
57
53
57
60
52
39
44
68
84
75
59
52
55
69
75
65
54
64
74
81
88
91
91
97
96
87
75
80
90
92
88
84
81
72
57
53
65
68
56
45
41
43
50
65
76
87
101
102
74
49
50
67
66
50
43
44
51
65
75
86
86
81
70
60
49
44
54
61
64
55
48
48
70
100
105
90
75
74
81
85
92
85
68
51
51
51
37
21
16
21
34
36
27
32
41
41
34
36
38
26
22
37
56
67
65
64
70
74
68
50
36
32
24
19
25
35
40
43
45
45
51
59
65
57
50
60
76
74
69
75
82
73
76
100
107
87
56
38
42
54
52
23
9
24
41
44
34
16
5
19
40
59
81
76
54
38
38
56
66
56
45
52
51
35
20
32
50
61
61
56
44
39
43
53
57
57
54
52
51
52
50
50
58
71
67
65
58
52
41
29
26
24
24
33
42
43
39
27
20
24
37
43
42
36
25
20
19
21
24
24
23
22
22
33
50
56
49
36
32
48
75
104
120
114
74
43
43
42
26
19
28
39
38
41
51
59
70
86
89
80
73
77
75
57
44
49
52
44
38
40
42
43
