51
42
43
51
41
39
59
82
88
91
85
71
64
75
80
54
32
27
41
51
27
21
44
64
61
53
50
43
39
34
25
21
10
-5
-17
-29
-39
-29
-9
5
9
-6
-28
-39
-25
4
34
42
37
23
22
41
67
81
69
44
28
28
32
24
11
4
20
45
57
50
39
35
32
21
18
26
40
38
18
11
35
50
52
54
52
41
39
36
34
39
48
59
71
66
49
29
29
49
65
64
52
44
24
-6
-17
-1
28
58
69
56
40
38
61
74
57
40
38
37
41
53
54
51
56
70
87
86
76
89
103
84
49
49
86
86
39
0
-9
4
23
24
25
34
38
36
27
19
18
23
27
25
20
13
11
6
8
27
64
89
88
60
40
33
19
18
32
43
66
82
82
76
75
82
96
119
123
112
84
56
52
69
74
65
52
51
56
65
59
38
20
26
64
91
100
88
74
71
64
53
50
50
45
38
45
60
61
57
57
55
55
52
45
56
75
82
58
45
54
60
56
50
44
44
44
34
13
26
71
91
86
74
61
54
51
52
48
49
45
35
33
42
49
48
40
35
41
57
75
76
60
57
73
83
80
65
39
11
7
12
13
23
33
36
40
66
88
75
51
42
44
57
68
60
40
20
13
8
-8
-23
-33
-26
-28
-42
-45
-40
-34
-28
-27
-19
0
17
22
4
-3
18
16
-11
-26
-21
-7
-2
-4
-1
4
4
7
13
12
19
28
37
37
19
0
8
37
45
23
7
12
37
49
39
32
37
51
64
53
33
20
36
51
32
16
44
93
112
99
82
82
97
108
116
105
75
54
50
50
49
56
73
87
97
97
82
67
66
59
48
42
45
39
37
53
80
98
99
89
69
38
22
37
61
73
55
28
11
13
26
33
35
32
33
44
59
59
41
29
40
57
65
59
42
33
26
24
23
24
19
22
28
26
28
37
32
18
12
12
11
6
0
13
40
40
17
2
13
36
38
27
37
50
34
0
-12
-6
1
6
10
3
-4
3
16
27
49
71
80
59
29
0
-22
-34
-40
-44
-44
-43
-50
-52
-42
-24
4
25
39
70
98
100
96
90
71
66
72
72
57
38
24
9
3
20
59
89
80
44
21
23
48
69
73
66
60
58
64
71
65
37
6
4
35
69
88
103
124
148
151
149
155
156
151
145
133
113
84
77
102
119
114
104
87
70
60
58
58
64
81
103
105
84
83
89
72
42
32
27
32
41
50
32
17
44
81
90
96
89
71
72
76
68
60
60
55
37
24
23
25
35
40
40
37
28
33
48
60
83
87
67
36
21
32
42
29
16
10
19
38
75
107
116
119
145
168
138
77
37
37
52
44
19
-8
-29
-29
-7
18
28
18
-2
-1
18
34
45
51
43
41
40
20
13
45
74
72
57
51
42
40
55
84
108
101
72
64
74
92
102
100
103
105
91
74
77
90
86
70
77
90
87
68
53
59
75
85
75
51
29
29
41
48
52
64
65
44
40
50
43
20
10
50
113
132
112
88
81
84
89
90
82
73
74
71
50
25
11
20
35
52
67
64
44
20
13
39
65
90
116
98
59
53
67
59
17
-10
1
32
43
54
84
104
101
89
84
75
66
53
37
21
7
5
18
40
59
72
72
76
81
50
11
0
8
43
81
92
86
76
72
70
83
100
93
59
20
5
12
28
48
65
82
76
54
43
57
69
68
57
40
21
8
8
18
20
13
26
57
66
45
25
13
8
11
21
23
-2
-49
-56
-12
36
67
82
87
92
105
120
128
117
105
93
76
60
49
33
27
48
68
76
69
58
56
54
53
40
24
21
32
39
41
37
26
8
0
16
40
66
87
88
70
51
45
64
84
89
75
60
52
43
33
17
5
-1
22
55
68
70
69
69
68
59
60
77
91
77
42
20
22
48
66
68
57
43
43
60
59
36
7
1
23
54
66
66
70
72
81
86
69
58
65
56
38
39
40
10
-21
-14
18
35
34
42
69
98
97
86
84
88
88
81
66
38
10
-9
-20
-13
-5
9
25
20
-2
-3
18
26
28
38
50
51
37
5
-28
-24
8
28
34
34
37
49
55
60
72
84
84
69
50
38
35
33
32
39
39
34
44
76
103
112
101
73
35
12
24
39
23
-3
-7
-11
-13
-4
26
73
98
83
39
5
4
25
48
51
42
33
38
68
87
86
76
64
44
29
18
-5
-20
0
35
58
56
36
20
20
17
12
8
10
18
10
8
23
37
42
53
51
48
37
3
-9
3
10
25
59
84
68
41
33
51
70
65
43
25
4
-5
12
50
76
101
123
131
122
103
88
80
77
82
70
55
64
70
76
92
99
114
128
124
114
99
90
89
90
90
75
48
40
58
76
88
82
52
26
32
51
72
81
70
53
37
27
53
86
69
24
5
19
