49
48
52
52
49
45
48
54
71
90
99
97
100
112
117
106
84
71
72
66
39
8
5
20
39
53
56
51
35
20
27
52
69
67
53
44
44
56
80
90
85
67
36
9
1
3
8
17
9
8
19
17
-34
-92
-109
-92
-77
-53
-29
-25
-27
-11
39
103
151
166
140
109
92
81
61
68
80
70
49
34
41
60
70
64
39
19
13
21
32
41
57
68
57
28
8
16
37
35
36
51
44
36
38
38
34
24
16
11
19
22
22
25
34
50
49
16
-8
-1
18
18
2
0
18
32
40
54
58
60
72
83
83
71
48
25
16
12
19
24
32
28
26
27
27
29
32
34
36
32
27
25
20
21
25
27
22
16
17
19
17
12
12
23
24
17
25
57
87
103
98
89
87
83
71
72
88
105
104
80
64
57
59
59
53
36
25
29
51
65
67
71
80
77
61
48
41
43
36
19
1
-18
-40
-45
-28
-13
-10
-22
-29
-27
-18
4
18
5
-18
-35
-34
-25
-18
5
33
40
35
21
7
11
22
18
5
5
9
16
24
32
37
33
25
22
22
26
48
56
42
35
42
61
90
106
100
73
56
70
96
103
98
99
115
131
140
133
103
84
86
88
85
92
101
97
85
85
102
104
89
68
50
59
82
89
83
71
70
76
72
69
87
106
117
123
120
105
97
102
117
121
118
112
100
90
81
73
70
67
75
112
131
123
109
91
68
48
50
66
73
67
53
40
39
58
89
100
98
101
105
101
86
73
75
89
101
99
81
66
71
69
50
21
8
5
16
34
44
40
36
39
48
55
67
66
51
39
36
27
11
9
25
43
42
27
19
18
8
1
24
58
60
45
40
50
61
72
80
70
64
66
71
72
65
41
33
50
74
80
48
8
-1
12
26
29
38
40
36
28
22
22
34
50
51
48
53
64
70
75
84
90
98
90
70
56
60
64
41
13
-4
-6
1
22
54
73
70
50
39
53
72
76
80
81
72
55
39
50
77
91
84
58
41
37
37
35
38
64
81
72
53
23
9
28
42
33
8
-5
-5
0
5
34
71
81
64
54
59
66
49
20
12
27
34
21
20
34
43
43
40
41
32
24
24
23
23
25
28
26
20
20
26
28
16
2
10
35
51
55
57
51
33
27
40
42
37
23
7
-4
-5
8
21
23
25
32
28
21
18
26
32
17
5
0
-8
-23
-26
-23
-19
-17
-19
-9
20
34
20
12
23
35
38
29
6
-18
-28
-24
-10
-6
3
24
33
27
27
32
32
34
36
24
9
4
9
36
51
38
6
-9
-3
6
13
21
19
11
10
11
18
28
44
66
76
68
57
60
67
66
65
65
69
76
75
66
59
58
54
52
44
33
21
26
54
74
64
42
40
41
43
58
72
67
56
59
80
100
100
82
60
51
44
33
4
-20
-34
-34
-27
-18
6
22
18
9
18
24
25
38
59
71
68
60
64
61
54
34
20
26
42
40
17
7
37
71
77
65
44
38
53
72
74
64
42
29
17
-2
-17
-4
27
58
69
66
64
52
26
0
-2
17
28
32
21
7
-7
-20
-17
0
21
40
49
38
23
22
42
56
41
13
5
12
26
36
42
51
58
69
67
65
77
84
67
43
32
34
43
40
21
3
4
23
40
27
-3
-14
6
32
42
41
16
-8
5
37
58
60
42
38
53
69
70
69
70
70
55
36
24
23
20
5
-6
-9
1
9
12
23
37
49
55
60
58
55
58
57
59
58
53
39
38
64
100
106
82
45
27
18
6
6
20
21
1
-17
-3
23
29
22
9
12
34
52
50
28
21
41
70
80
67
51
41
39
28
25
37
56
66
70
66
68
85
88
67
39
24
18
11
17
26
40
54
65
82
96
101
88
75
75
76
70
76
97
106
101
81
48
26
24
29
41
49
41
18
-7
0
26
48
54
48
33
23
16
-4
-17
-3
48
83
59
11
-6
4
25
41
48
49
53
51
57
72
84
86
74
68
80
98
103
74
38
28
44
58
65
59
51
44
39
50
77
109
121
107
84
73
84
87
96
106
103
88
81
89
99
92
80
66
67
74
73
57
51
70
101
147
172
156
120
99
97
90
84
73
64
56
43
21
18
43
77
85
84
89
87
67
40
40
51
54
57
54
48
51
55
56
53
44
37
25
29
37
39
35
23
18
27
42
52
71
91
91
72
48
26
21
24
10
-18
-37
-40
-38
-26
-18
-14
-22
-34
-52
-61
-51
-29
-20
-11
-2
4
5
12
28
43
56
56
66
73
72
28
-1
23
68
104
109
80
51
53
80
99
86
73
75
68
37
1
-17
-12
-4
-5
-6
-6
-17
-65
-121
-125
-86
-42
-10
3
-4
-18
-7
8
4
-1
11
39
52
38
22
26
52
70
72
65
60
70
80
75
72
73
77
71
66
73
85
87
76
59
51
37
