45
73
93
83
60
54
60
69
64
49
41
37
38
51
65
59
33
5
24
60
91
108
113
115
133
146
135
114
96
76
81
102
99
68
41
41
60
71
68
57
49
33
17
43
84
82
80
89
85
57
33
22
21
12
-1
0
22
53
70
75
76
40
7
17
48
77
96
88
70
67
73
90
113
133
128
86
49
29
34
57
86
104
97
70
60
83
96
83
67
43
23
8
8
35
52
50
41
28
22
28
37
39
37
28
29
25
8
-14
-10
17
39
40
12
-7
1
20
27
21
12
8
-1
-12
-20
-8
8
22
26
25
26
21
10
20
43
59
66
69
67
67
85
112
108
88
72
68
58
44
48
56
53
41
32
34
49
59
81
104
114
108
97
84
85
88
90
89
96
87
57
54
72
70
37
9
12
36
57
68
58
42
49
80
101
99
80
68
81
70
25
-6
-19
-13
3
4
-9
-23
-20
-1
11
6
-10
-9
5
9
8
35
75
100
89
60
36
40
53
60
69
66
50
72
97
68
34
9
-5
3
22
23
17
10
24
60
97
116
116
117
123
108
76
51
25
8
-1
-6
-9
-7
-7
-9
-12
-8
3
21
40
60
87
88
58
33
27
12
-11
-26
-40
-58
-66
-55
-14
33
49
44
43
21
-12
-13
11
27
23
-2
-11
3
23
41
52
53
48
22
-18
-43
-29
-1
20
24
26
37
42
53
65
49
21
51
89
86
81
90
114
120
105
85
71
80
83
48
-3
-12
12
56
85
74
43
38
56
66
52
43
61
66
36
1
-9
-4
1
12
13
-13
-54
-69
-52
-28
-23
-40
-69
-66
-41
-35
-42
-33
27
92
89
38
7
12
17
-3
-20
-20
-6
-2
-8
-10
-10
-2
11
26
34
40
40
43
59
80
76
41
9
7
16
16
26
18
3
20
52
70
83
81
69
55
43
66
107
104
84
85
92
89
85
69
48
36
-1
-25
-4
38
67
75
86
91
89
80
64
54
58
72
86
88
72
50
43
67
84
70
40
11
-3
1
21
33
17
-6
3
25
23
-2
-26
-24
3
27
27
13
-7
-8
25
85
131
137
108
100
103
80
41
26
40
52
39
5
-26
-36
-2
52
72
57
42
45
56
53
25
6
37
92
131
129
93
68
65
67
70
57
38
22
5
-10
-11
7
45
106
150
147
114
89
97
131
168
167
128
84
55
45
55
84
101
90
50
9
10
42
72
57
37
54
83
106
121
108
81
56
49
50
49
45
40
22
8
3
3
20
49
58
55
42
48
72
96
91
93
124
134
100
59
34
6
-4
11
38
42
32
24
37
56
72
76
54
18
9
26
59
80
69
41
20
20
35
42
35
9
-3
-7
2
25
55
72
70
59
59
82
100
77
25
-1
20
54
84
88
53
17
17
52
83
75
48
19
8
11
19
39
59
59
36
12
12
34
44
33
12
5
26
87
119
97
70
83
128
149
121
57
25
59
91
81
60
36
28
48
64
73
76
82
76
58
33
22
33
49
49
39
34
34
39
51
59
65
68
55
36
35
55
58
44
41
57
69
69
73
75
65
41
26
27
34
28
16
20
52
67
60
50
38
36
50
73
98
102
82
48
35
42
49
52
59
64
50
23
2
17
59
91
104
113
114
98
86
88
80
61
66
86
96
80
60
74
97
98
74
44
43
54
50
35
38
51
55
56
60
59
48
32
19
6
3
5
11
20
26
40
70
104
115
96
100
121
124
108
88
72
67
56
33
33
57
80
80
60
41
36
71
109
128
130
113
72
42
42
58
61
43
23
26
48
71
103
109
60
-8
-7
44
75
64
16
-19
-12
26
75
92
71
36
21
23
23
18
19
26
38
49
64
49
10
18
41
48
40
32
26
26
12
-2
20
58
57
24
6
21
44
61
51
13
7
22
35
25
9
17
44
82
120
144
118
67
27
21
35
42
35
16
-8
-26
-22
11
59
75
73
80
66
33
10
34
71
72
59
59
68
72
83
93
76
48
35
9
10
1
-75
-117
-69
-3
39
40
19
-14
-29
-2
60
113
92
23
-28
-43
-19
13
40
40
21
12
13
12
10
21
41
59
70
68
74
101
92
36
-6
-8
-18
-57
-86
-81
-30
50
72
33
12
44
80
75
54
35
11
-7
-24
-34
-11
16
23
24
43
80
92
57
6
-11
5
39
56
40
21
25
34
28
13
-3
-1
22
38
64
91
91
69
61
91
121
83
2
-61
-119
-140
-84
-3
34
32
27
43
70
109
164
185
155
88
19
-6
5
33
53
64
75
88
88
55
4
-5
27
69
82
65
50
45
53
81
104
106
92
84
85
131
173
186
168
124
85
69
57
64
72
64
22
-10
-2
40
68
64
40
19
-5
-24
-10
4
1
7
21
23
21
20
36
66
82
76
68
57
40
43
42
18
28
50
43
25
16
16
22
55
117
162
139
90
56
41
44
59
