37
84
112
114
113
102
83
83
97
104
80
42
35
41
45
32
21
40
70
84
84
65
55
69
85
83
68
58
52
45
60
86
93
82
67
67
74
74
64
51
49
40
33
41
64
80
74
65
52
39
35
55
80
82
72
60
53
42
41
57
82
97
90
74
71
87
116
121
116
107
101
82
51
24
34
49
48
28
-3
-14
21
72
98
90
67
51
53
56
52
42
44
54
44
32
26
38
51
54
48
58
73
80
80
69
57
59
65
69
76
88
88
82
75
75
85
89
88
86
81
76
82
90
75
57
54
49
35
33
59
90
88
53
20
-1
0
24
69
103
98
65
38
43
75
96
96
91
84
71
45
5
-29
-36
-11
4
-7
-17
-21
-35
-52
-59
-66
-60
-46
-29
-13
-4
-1
8
40
82
103
108
104
98
70
29
4
-2
20
64
81
69
60
58
42
24
25
64
118
149
121
82
66
68
74
81
66
48
32
17
-5
-5
36
59
54
50
12
-37
-50
-14
28
64
65
48
43
65
84
81
65
50
43
40
29
13
5
3
12
33
39
24
1
-10
-11
-9
-9
-19
-19
-5
-6
-26
-42
-20
35
72
75
74
85
96
92
84
59
43
43
37
10
-7
-12
-9
0
-3
-18
-22
-6
22
38
37
27
39
88
133
136
100
51
42
72
97
106
103
80
54
37
23
12
21
24
12
8
10
21
21
21
25
25
21
21
26
10
-24
-26
1
45
86
82
57
53
68
82
83
83
88
64
16
-11
-7
13
41
68
91
112
116
119
120
107
89
74
70
65
51
37
49
70
84
80
64
49
44
51
58
49
11
-21
-33
-9
32
44
32
9
1
0
-24
-33
-22
-24
-21
0
32
55
80
107
130
125
114
106
93
80
80
86
86
74
58
56
80
106
108
81
42
27
45
76
92
92
89
76
59
44
56
73
81
85
104
140
160
155
138
124
121
115
108
112
114
115
106
83
54
51
71
77
80
84
66
22
0
29
55
41
12
-30
-91
-85
-8
52
51
11
9
52
100
113
97
59
42
49
49
32
3
-8
-8
-29
-40
-23
-7
8
10
-2
-13
-14
-2
5
10
34
67
80
58
25
10
25
49
65
76
71
58
61
67
59
49
41
51
49
24
20
40
58
58
58
80
109
131
136
134
128
105
68
43
48
25
-17
-34
-9
38
81
99
100
91
71
69
85
97
112
118
90
54
57
91
118
122
114
90
74
70
76
88
90
82
65
51
54
58
61
50
10
-35
-49
-9
25
33
43
72
89
75
57
54
49
37
24
22
44
74
77
60
41
41
59
74
60
42
38
43
45
42
37
35
33
26
26
34
35
34
41
42
35
33
42
59
75
72
50
25
23
26
33
41
53
61
66
69
75
75
70
77
91
104
113
108
115
116
91
59
40
43
60
67
66
70
71
60
51
57
61
42
21
11
10
8
10
37
80
99
98
88
75
67
44
16
1
10
20
12
2
3
11
16
0
2
37
39
-7
-35
-28
-19
-11
-56
-82
-30
17
9
-19
-44
-61
-70
-78
-103
-117
-87
-7
11
-94
-233
-297
-290
-257
-212
-186
-195
-212
-212
-214
-209
-124
-26
-9
-43
-74
-71
-57
-49
-36
-12
-2
-20
-35
-21
6
5
-29
-51
6
116
171
137
71
34
37
60
60
49
42
53
83
112
133
147
154
139
112
92
82
75
72
82
104
137
162
169
162
140
137
140
120
83
52
42
52
66
54
20
-8
5
58
98
104
92
92
100
115
133
138
123
108
98
73
35
-11
-30
-5
28
37
6
-28
-53
-41
17
86
128
135
124
102
67
38
28
37
48
28
-17
-53
-50
-9
44
89
98
76
53
65
105
116
86
55
43
38
26
8
3
12
28
27
20
20
23
33
50
75
99
85
58
71
83
70
55
50
45
36
19
16
27
43
51
52
59
71
65
36
10
6
6
1
2
16
21
19
28
59
90
90
74
72
92
115
96
59
52
60
61
56
44
39
49
56
51
37
21
20
28
28
22
7
9
37
51
36
2
-13
1
33
51
48
34
33
51
69
68
58
51
48
54
68
89
108
119
128
122
99
67
33
3
7
41
54
35
4
-6
7
27
58
73
49
12
2
-3
-8
-5
3
7
5
2
-6
6
26
43
27
-3
-2
18
28
32
26
36
44
42
42
42
36
27
29
37
36
24
27
55
84
100
104
104
105
109
100
73
39
22
24
23
33
56
84
89
85
86
89
84
71
66
70
71
58
45
53
76
89
72
53
53
59
67
59
52
56
59
68
65
54
68
86
80
51
35
38
41
33
34
59
102
132
129
106
82
69
72
88
104
97
59
27
22
28
35
39
44
42
28
9
-3
0
23
58
86
91
101
131
155
147
118
88
68
71
87
98
89
74
61
48
50
51
48
48
53
55
57
45
29
27
41
65
105
121
89
53
60
81
83
76
66
40
4
-11
-2
25
38
