27
38
28
21
23
22
10
-7
-9
2
26
50
45
50
72
84
67
41
21
34
53
58
44
23
10
9
22
42
67
80
75
61
57
72
99
112
106
106
106
105
106
119
131
121
90
74
86
99
104
96
71
60
69
70
81
89
89
85
90
107
124
117
87
69
73
77
74
64
61
68
68
66
61
64
68
68
76
90
92
101
116
112
89
67
54
58
66
69
76
81
67
48
50
57
59
66
68
53
24
5
8
27
38
33
26
26
21
19
18
17
21
23
19
19
34
59
74
67
44
24
33
50
49
27
2
-9
-5
2
24
32
3
-12
-12
4
28
43
37
28
25
24
36
52
52
39
39
53
74
84
80
76
76
81
84
77
58
28
6
3
3
13
34
51
66
80
81
72
80
91
89
60
41
55
89
102
83
56
49
59
67
61
54
59
71
72
74
70
64
68
70
72
76
69
50
42
43
50
61
51
-1
-52
-59
-17
54
101
102
74
58
70
101
124
118
92
76
68
59
70
86
76
56
57
96
122
100
44
13
23
44
57
52
41
42
44
41
36
36
36
28
28
38
42
42
39
29
33
50
64
71
75
75
73
72
71
65
58
43
36
48
74
96
82
55
40
52
65
66
60
52
41
42
33
12
11
37
54
48
25
16
17
18
11
-2
-2
19
28
23
10
8
18
22
18
10
12
21
23
17
9
19
25
10
-11
-10
10
34
57
72
76
85
85
74
72
76
60
28
6
1
7
19
26
35
44
56
66
70
66
43
11
-8
-9
-6
1
9
20
23
18
21
51
88
92
64
25
8
12
21
17
6
6
12
21
33
49
57
55
53
55
57
68
71
65
51
48
58
77
91
92
81
53
34
33
41
57
64
55
44
38
42
48
44
51
55
51
37
56
80
86
90
92
91
84
73
68
68
65
51
34
23
27
42
57
71
86
103
112
107
100
89
84
82
65
41
32
28
28
37
67
91
89
67
44
45
57
71
75
71
72
70
69
70
72
69
65
45
20
5
12
35
53
59
67
71
67
60
68
71
54
38
27
12
5
10
18
19
23
32
35
37
52
71
73
66
64
72
82
81
65
38
26
39
60
75
61
37
38
55
72
76
59
32
24
52
80
76
59
50
53
64
58
37
27
28
25
18
23
35
39
34
20
21
45
72
71
43
16
1
9
27
53
80
90
87
70
48
25
16
23
33
35
23
4
-5
-2
5
17
27
33
35
34
37
40
50
58
70
83
87
73
49
26
16
7
0
6
25
34
26
25
34
38
27
22
27
39
57
65
49
27
11
12
24
35
42
42
37
28
39
59
58
27
8
7
9
19
36
49
52
57
56
42
36
39
39
34
29
34
41
42
29
22
27
33
29
22
10
13
25
39
39
21
-3
-11
-4
8
10
8
8
6
0
3
22
41
48
49
50
52
52
54
53
48
40
35
32
34
48
57
52
40
35
32
39
49
48
42
33
22
22
28
33
32
27
17
5
10
33
52
59
52
35
24
28
41
45
48
48
44
48
50
49
38
22
16
22
43
60
69
64
48
35
36
51
68
72
66
54
44
44
51
52
45
36
41
57
76
82
72
70
83
87
80
70
70
81
88
83
73
71
73
68
54
48
42
42
33
19
16
20
33
41
42
43
50
42
33
32
40
54
65
57
36
26
33
25
11
4
5
13
34
56
75
88
74
56
40
24
19
23
34
40
49
49
39
44
67
88
96
85
75
68
59
54
51
51
55
57
57
65
57
41
34
39
49
51
43
36
28
33
41
45
38
25
26
45
64
67
56
49
39
32
20
12
36
80
116
128
115
115
137
155
166
170
161
138
114
96
91
98
97
92
86
75
67
60
53
57
71
75
67
60
66
68
73
76
66
44
29
38
56
61
43
18
18
32
42
55
60
57
52
53
57
59
67
69
58
44
44
52
59
70
80
80
70
58
57
65
64
44
32
34
44
58
75
87
87
76
67
59
56
50
44
44
54
54
49
40
37
35
32
28
36
42
41
26
19
27
44
64
75
74
57
41
38
42
43
41
40
43
41
40
44
56
67
71
75
69
67
67
57
50
43
48
53
49
35
26
21
17
16
27
39
39
41
42
34
33
36
32
20
20
35
41
43
58
71
68
60
56
57
54
50
41
22
9
10
20
25
28
29
28
36
38
41
54
56
48
37
24
21
35
41
25
4
2
18
38
39
24
26
50
71
74
73
75
75
70
53
37
36
40
36
20
10
16
24
32
40
48
55
61
48
27
33
42
42
38
25
23
27
17
6
10
27
37
39
44
53
64
67
59
55
64
71
65
50
27
4
16
37
41
37
41
49
40
23
7
5
23
44
60
66
59
39
25
23
26
33
40
28
