54
65
54
57
74
84
83
54
32
27
17
13
11
10
17
23
32
34
33
38
51
51
42
35
25
24
33
36
37
40
48
44
33
21
21
33
57
71
81
84
84
90
92
86
69
55
66
80
80
68
68
72
76
84
77
69
71
70
40
11
16
33
24
18
24
28
11
5
26
50
44
38
41
42
45
49
32
9
2
1
-5
-5
6
11
-2
-13
-12
-3
-5
-5
11
20
11
2
-7
-14
-10
1
25
60
82
82
66
52
50
41
25
9
12
27
33
23
17
27
58
83
75
55
41
37
23
11
9
17
19
16
16
26
34
25
28
43
56
64
57
48
40
35
35
34
25
22
29
56
85
88
69
53
52
66
72
65
53
40
23
26
53
65
55
61
76
89
85
68
68
83
100
90
58
43
48
56
60
54
44
35
39
53
64
74
72
65
59
61
65
64
55
50
49
42
38
59
84
88
80
58
37
23
33
49
57
53
34
10
20
38
53
75
82
70
57
51
55
69
74
83
98
88
59
48
55
71
84
84
82
68
56
53
61
70
54
36
21
10
28
58
64
38
29
43
41
38
42
53
52
33
20
21
17
11
22
38
44
38
24
20
22
26
27
20
17
23
41
51
49
34
23
36
44
29
12
17
32
41
49
48
36
28
35
44
52
50
41
34
21
12
11
13
22
25
32
28
20
22
32
42
43
44
48
45
40
49
61
71
80
75
60
49
48
40
34
41
56
58
49
38
39
48
58
54
36
18
11
9
16
26
33
39
43
41
44
41
26
3
-7
-4
8
12
21
32
24
20
44
67
75
72
56
35
24
36
52
52
35
26
36
56
72
70
67
74
96
92
73
65
64
74
80
61
42
43
41
27
13
7
16
28
40
50
43
24
5
12
39
56
51
48
60
68
56
41
34
34
49
72
85
80
65
52
53
70
81
69
65
73
76
70
70
58
42
40
73
118
134
129
120
97
73
74
71
55
21
-2
6
40
73
72
56
57
52
41
50
52
51
39
32
32
41
57
67
65
40
22
26
38
32
34
49
48
29
23
19
13
21
22
23
34
19
3
16
34
37
26
20
22
40
67
80
80
73
69
71
71
50
35
44
67
76
72
59
66
71
70
77
72
74
83
64
33
17
16
22
36
37
35
32
16
7
26
36
23
0
8
38
54
52
45
42
25
13
26
37
37
28
33
44
44
39
48
57
69
60
44
36
18
17
39
59
53
42
50
53
44
40
39
34
28
26
21
16
23
32
26
27
38
40
24
6
-13
-49
-58
-29
-7
-9
-19
-26
-34
-22
5
28
64
98
96
72
64
72
80
82
87
99
97
80
80
96
104
99
89
86
83
89
96
101
104
85
49
35
58
76
72
59
52
40
37
48
60
69
83
85
68
55
55
67
86
83
58
44
33
6
-3
5
24
36
34
22
10
12
22
27
24
19
21
20
11
8
24
38
41
18
-6
-23
-21
-7
2
-2
-5
-8
-10
-6
21
42
41
18
6
19
25
24
19
3
1
10
17
9
10
17
25
38
57
72
68
58
61
77
85
68
55
51
55
54
38
48
74
73
43
27
40
53
48
51
72
68
27
-7
-11
5
37
60
68
57
50
50
42
38
35
22
12
16
18
24
41
69
100
119
106
85
72
75
84
105
122
107
92
87
91
100
101
96
98
113
113
86
56
53
76
98
105
92
80
65
52
50
55
71
91
96
70
42
23
16
18
27
48
49
26
10
18
41
48
34
25
34
50
51
55
58
56
50
42
35
35
43
48
49
52
56
42
20
13
27
44
38
16
1
1
24
29
17
34
60
67
58
55
57
66
45
36
60
66
35
24
23
21
12
9
12
26
40
35
27
42
44
41
52
49
34
37
41
36
28
42
77
98
81
67
56
51
44
45
37
34
41
48
58
73
84
85
74
58
44
42
50
52
41
23
20
26
25
20
21
34
51
64
60
42
27
38
56
66
61
54
34
19
22
54
75
82
72
57
66
75
69
49
32
17
8
17
35
41
52
67
60
52
64
86
89
83
81
85
99
116
100
74
74
80
64
57
53
23
-8
-8
3
20
38
41
48
45
40
28
24
33
29
41
43
12
-7
-6
7
22
51
86
103
100
76
50
43
70
77
41
9
2
1
11
41
60
66
57
53
58
60
76
75
48
28
38
51
56
66
75
73
55
40
50
71
67
67
88
99
82
43
24
33
35
40
59
70
73
70
54
40
41
45
53
70
71
43
19
18
29
34
40
59
86
96
67
32
27
35
36
45
53
41
25
28
36
36
35
44
73
83
60
41
34
36
39
29
24
35
34
24
37
39
12
-11
-7
24
37
35
40
50
51
48
50
54
60
50
13
8
36
55
52
40
29
40
48
36
21
