60
80
58
22
6
23
55
75
80
73
69
60
51
52
59
69
73
61
45
39
42
43
44
40
42
45
44
48
55
70
66
51
51
54
45
44
54
67
82
71
44
19
11
17
20
22
17
3
-4
-2
8
24
36
36
23
6
3
7
6
8
17
20
16
16
13
6
2
8
19
27
34
41
53
49
33
26
18
11
23
38
36
8
-19
-23
-6
-2
-9
-6
11
19
11
7
-3
-17
-5
17
35
37
17
16
40
76
113
123
109
91
74
69
65
55
40
23
27
51
70
68
48
26
25
34
32
35
35
37
32
27
42
48
43
45
42
24
-6
-18
-9
5
34
59
72
58
38
43
66
73
71
76
99
122
124
98
60
36
28
28
20
18
21
26
29
34
48
66
71
60
33
8
5
23
38
41
37
40
58
65
44
35
42
66
73
61
43
39
51
60
54
36
22
34
52
60
66
67
75
71
75
88
81
41
26
49
65
48
21
20
34
45
37
17
4
10
24
40
50
56
57
58
67
77
73
50
34
27
13
-11
-23
-1
33
50
45
41
36
26
41
60
57
52
56
56
49
16
-9
-8
12
28
38
45
38
40
64
76
74
50
35
42
53
48
23
3
2
20
43
42
24
10
22
51
56
48
42
26
7
-2
-4
-7
-11
-7
7
24
17
4
7
28
54
55
52
57
57
38
21
18
23
28
39
49
44
36
40
52
68
89
105
106
85
75
98
115
100
65
35
21
29
45
50
50
43
41
40
43
40
32
40
58
52
54
71
73
68
56
36
26
32
22
7
-1
-7
-7
7
28
42
38
22
28
55
73
77
74
57
38
28
33
42
50
43
39
48
58
66
76
70
66
75
86
92
88
75
69
70
66
59
60
60
59
54
48
41
52
64
61
64
57
43
32
27
35
42
64
74
72
61
64
67
54
50
55
43
33
24
11
21
53
81
75
67
64
68
72
82
80
52
25
13
21
25
24
12
9
24
32
41
55
64
72
84
88
89
75
54
42
50
57
58
65
66
68
66
51
52
68
75
73
75
85
91
99
114
122
107
90
91
112
112
105
96
76
70
77
84
75
49
25
34
48
60
65
48
27
18
22
42
60
71
65
50
37
28
35
48
48
41
41
49
55
55
51
44
37
41
48
49
37
12
-5
-11
2
18
11
-4
-12
-11
-10
-11
-8
3
23
52
73
69
54
48
54
53
51
52
55
55
43
26
22
26
44
55
41
22
24
60
73
57
53
55
54
64
72
80
77
60
53
58
65
70
71
65
71
65
43
34
33
37
52
66
74
72
64
54
54
58
64
72
66
45
29
23
13
18
33
23
12
17
9
-1
-17
-28
-33
-27
-21
-5
4
5
-5
-18
-28
-24
-2
7
3
3
11
19
19
19
10
8
11
17
25
33
35
28
36
51
53
44
41
39
37
26
23
28
43
58
64
60
68
58
27
6
8
7
5
3
0
2
19
29
24
12
2
6
25
52
68
65
60
60
70
84
88
76
43
34
39
35
37
42
54
69
97
123
131
120
113
102
92
99
88
66
51
52
52
41
33
40
56
74
75
65
51
43
39
28
28
42
52
51
50
53
59
86
130
132
93
66
53
45
49
54
50
25
3
-3
0
-6
-3
25
51
52
39
21
24
40
50
40
49
69
67
53
51
60
82
102
129
152
154
134
121
134
150
144
116
84
68
74
89
85
60
39
41
55
67
75
81
77
69
65
66
76
85
84
84
86
87
85
112
145
133
99
81
76
75
70
58
48
45
49
44
33
25
44
66
53
32
20
16
6
1
3
3
1
0
-3
-3
6
10
6
-1
3
13
38
57
56
35
20
21
36
55
59
49
40
33
22
9
0
-9
-8
3
3
-7
-12
-10
-6
3
23
41
41
37
36
32
29
28
26
18
2
-7
-4
6
18
36
39
26
28
69
87
69
66
81
92
96
89
76
71
83
93
86
69
56
42
38
50
70
81
72
71
85
89
81
76
90
115
119
108
104
112
106
99
107
117
109
101
90
69
33
17
26
37
40
53
67
81
98
119
134
133
114
69
28
18
24
27
26
24
23
36
49
57
65
77
102
116
102
75
44
17
6
20
25
25
27
26
34
53
61
59
54
44
44
43
35
16
2
0
4
10
23
35
34
34
43
60
68
68
64
38
19
9
18
33
35
29
24
20
20
26
38
40
35
38
39
33
28
34
42
37
27
23
16
2
-10
-19
-22
0
45
70
54
35
32
25
11
25
49
41
38
57
73
72
53
48
68
101
117
106
77
48
33
27
36
38
19
1
-1
-6
-10
-18
-22
-21
-19
-22
-27
-18
0
3
-2
2
0
2
10
13
18
27
38
40
34
20
7
21
51
73
49
-7
-38
-35
-35
-40
-43
-45
-53
-70
-83
-68
-36
-9
4
6
0
-3
0
