72
71
69
68
72
72
68
64
64
64
67
81
105
112
91
71
69
76
82
74
71
82
89
88
96
99
92
81
81
88
100
103
88
72
72
89
99
96
83
88
107
130
137
138
119
90
74
74
87
87
69
48
35
28
33
38
52
74
84
83
86
84
73
57
43
41
41
53
75
97
90
55
34
50
80
97
88
81
77
84
83
72
74
86
83
53
18
5
20
43
51
24
-4
-13
-20
-22
-12
2
7
9
21
28
33
36
51
74
81
55
27
35
59
66
49
24
3
-5
4
20
23
9
-1
-7
-4
6
27
45
50
37
20
16
11
-6
-25
-28
-18
-12
-10
0
11
20
35
50
48
21
-3
-1
17
20
5
-8
-4
16
41
56
53
44
37
27
23
28
33
32
34
33
22
11
11
24
41
50
54
58
61
73
77
68
55
54
71
71
44
41
70
80
67
61
76
97
104
98
91
89
82
75
81
82
86
89
84
74
60
52
56
73
96
102
89
87
87
77
89
121
144
134
107
89
85
70
54
48
39
28
35
51
53
37
21
20
29
50
57
41
25
12
18
26
33
38
45
57
60
49
23
-5
-23
-11
21
38
27
17
21
39
56
67
72
75
73
65
39
21
26
36
25
18
36
40
22
17
29
52
59
55
33
19
27
36
28
20
10
1
5
22
34
29
22
19
21
25
44
73
85
71
35
-1
-8
2
16
18
7
-9
-29
-25
17
72
112
112
84
57
56
66
75
77
74
70
52
29
26
37
59
75
75
68
70
80
82
81
71
53
42
44
42
25
17
19
27
43
53
54
51
60
97
123
116
75
28
19
48
69
72
58
36
28
22
18
42
74
87
74
50
33
28
36
53
72
70
67
67
64
70
77
67
50
59
85
89
70
42
32
48
65
75
67
49
41
54
45
36
38
53
82
98
81
69
81
86
73
50
32
26
38
49
55
60
58
51
42
44
56
70
87
96
100
107
103
83
54
37
36
37
34
33
33
11
9
39
65
72
67
45
26
9
2
2
-4
-12
-19
-22
-5
23
57
80
84
66
34
26
44
53
44
40
35
22
17
19
18
23
38
50
45
41
39
40
27
7
6
28
52
57
54
58
73
76
68
56
59
66
60
54
50
42
57
87
112
113
96
73
60
51
49
65
72
75
74
56
41
41
57
75
69
56
56
59
71
83
74
65
67
77
86
69
33
16
32
57
68
55
34
16
16
29
53
69
86
105
99
67
50
41
36
25
13
2
1
22
43
48
44
52
57
56
49
39
38
39
20
-20
-43
-54
-62
-62
-55
-44
-45
-51
-45
-30
-18
-19
-35
-35
-24
-18
-21
-19
-10
-10
-18
-10
-2
-5
-14
-21
-5
33
70
75
64
53
59
72
80
82
81
85
108
136
146
140
137
136
120
97
91
102
103
88
89
106
115
109
98
80
80
83
60
24
10
22
54
85
102
100
84
65
58
74
96
89
67
44
32
27
41
53
57
39
17
27
64
70
42
4
-20
-7
17
38
40
10
-8
7
32
35
18
12
38
68
85
73
50
33
24
20
13
11
7
2
-8
-19
-13
1
4
9
37
59
71
77
83
91
83
59
40
24
17
20
19
7
-7
-18
-14
0
3
-6
-18
-26
-26
-21
-25
-24
-11
1
20
34
17
0
-1
-2
2
24
48
44
28
24
33
40
52
68
70
66
58
50
34
22
25
28
24
10
9
32
51
64
57
49
54
58
55
52
43
35
32
35
41
52
57
55
57
53
33
17
19
40
66
56
28
32
69
101
107
112
119
122
112
74
43
41
56
60
44
24
26
54
74
75
71
38
0
7
42
54
40
36
49
59
60
54
52
51
38
19
10
17
35
64
83
100
100
84
56
39
49
59
68
66
54
38
25
32
38
37
40
44
45
39
29
34
53
68
85
91
81
66
64
69
89
105
98
60
39
56
86
99
84
59
44
51
68
71
82
100
92
86
83
83
101
103
83
72
69
68
64
57
66
88
112
105
77
59
56
67
73
64
44
43
51
59
67
59
58
66
59
43
43
44
44
43
28
2
-17
-4
27
41
36
26
12
-9
-29
-34
-23
5
35
28
3
-27
-50
-57
-56
-30
-1
12
18
24
27
35
36
38
42
42
45
57
64
49
36
42
58
89
109
100
75
70
72
64
39
11
4
8
17
29
56
71
55
40
35
44
65
61
28
-14
-35
-25
-12
-2
10
27
49
60
60
61
76
90
87
81
67
40
12
-3
-5
4
10
21
37
49
52
65
59
41
40
57
73
72
55
38
39
51
66
85
112
123
119
113
102
84
65
37
21
25
41
51
57
69
81
84
73
70
84
84
54
24
23
48
66
66
54
53
67
72
74
74
51
23
5
-7
-6
5
9
-3
-13
-4
12
19
25
28
27
26
35
40
38
21
9
13
11
7
7
10
18
21
21
