32
12
-3
-11
-10
8
26
35
26
21
39
60
69
73
73
61
45
40
53
68
61
51
44
41
53
69
80
76
67
68
72
65
41
18
9
20
29
35
33
34
50
74
88
82
64
55
50
43
56
72
75
74
71
67
65
58
55
60
60
58
52
49
50
51
49
40
34
36
42
39
25
22
23
34
41
44
53
59
56
50
41
36
24
6
-2
7
27
42
50
51
50
60
88
103
88
54
32
21
22
32
37
35
36
36
28
32
40
54
71
84
83
72
60
61
68
75
83
82
81
76
64
50
43
56
66
68
72
88
103
91
58
33
23
27
40
43
29
21
17
19
23
34
42
48
51
50
43
34
20
18
24
24
13
13
28
44
49
44
56
84
105
106
90
75
69
56
51
44
41
37
38
44
48
51
54
49
39
33
20
4
1
9
20
33
41
56
60
52
42
50
71
89
85
74
67
66
55
48
40
34
21
10
21
38
60
75
70
64
66
75
71
48
20
24
41
36
19
17
34
53
56
45
40
41
51
60
66
64
55
50
49
50
59
67
53
38
34
37
44
39
24
18
34
48
49
44
53
66
68
57
48
43
53
56
51
56
68
81
82
66
43
40
42
32
22
25
32
29
29
37
48
43
38
36
42
53
54
55
54
59
59
57
66
68
58
43
34
24
23
39
50
51
54
66
70
72
70
61
51
42
41
45
55
57
51
36
26
23
21
19
22
34
39
42
49
53
57
67
80
80
70
58
41
26
20
19
12
4
1
1
2
16
39
55
53
40
26
12
9
19
23
22
26
36
40
41
42
44
50
52
53
56
52
38
21
21
38
52
55
51
37
33
51
67
53
27
16
20
35
52
64
56
44
38
43
56
66
68
67
70
73
73
74
82
85
81
72
72
67
51
33
23
33
38
32
28
42
66
86
91
84
71
61
64
66
60
57
68
81
86
86
73
70
82
85
82
76
72
65
56
53
51
32
19
27
48
53
43
38
52
72
83
84
70
59
54
50
52
51
43
42
57
68
60
40
18
9
11
17
20
19
12
23
40
48
41
36
36
39
37
29
23
18
20
33
53
67
71
70
67
56
41
29
33
34
35
42
45
49
48
42
52
73
81
68
58
41
29
28
23
17
17
19
22
21
20
18
17
24
49
66
66
57
55
59
59
52
54
66
66
56
43
41
45
49
38
29
37
45
56
61
55
43
48
56
66
59
48
43
52
57
56
55
52
48
55
59
51
44
41
37
38
45
51
48
45
44
38
32
34
40
52
51
39
39
50
59
61
56
52
52
58
66
57
42
35
42
57
70
76
76
67
64
72
74
64
43
40
40
43
43
40
40
48
52
52
48
51
65
83
89
75
53
35
20
8
4
-4
-17
-12
3
25
37
39
38
36
32
18
11
19
24
25
27
32
36
41
42
41
32
22
21
24
34
34
21
16
18
26
39
49
59
65
60
59
59
53
36
20
18
20
21
27
43
54
53
53
55
58
55
49
45
39
24
10
5
4
10
27
39
49
53
44
42
52
58
58
52
42
44
51
50
52
56
65
71
72
68
61
60
61
61
57
51
48
42
37
33
39
49
56
60
55
51
45
36
27
33
37
40
43
48
57
60
44
19
12
37
65
76
64
43
34
38
55
73
82
76
60
45
23
9
10
23
40
51
43
45
53
53
56
56
48
48
58
66
59
49
34
12
-1
1
10
23
36
38
34
38
53
64
64
56
49
53
57
61
70
69
59
57
61
66
57
40
28
26
24
20
19
22
34
39
40
39
39
40
41
36
25
18
24
39
50
50
48
51
60
64
41
21
19
32
40
42
44
50
52
56
60
65
54
41
37
49
56
66
72
72
68
69
73
74
69
45
21
18
21
21
24
28
36
44
59
82
99
101
88
72
64
69
69
59
58
66
75
77
69
58
52
51
56
67
71
61
54
52
49
44
44
43
45
44
45
56
56
45
38
38
43
42
36
34
35
39
42
39
38
52
69
73
67
52
39
41
49
51
66
71
59
55
57
57
55
57
58
57
53
51
42
33
33
44
53
44
33
33
50
60
57
44
37
37
45
48
41
37
35
32
28
25
17
17
34
42
40
33
18
9
12
24
34
48
51
50
42
32
11
-6
-3
20
25
12
6
10
27
37
32
21
11
17
27
32
28
22
17
34
54
53
37
32
41
64
81
74
55
38
35
42
45
37
25
20
16
13
24
34
37
34
35
41
54
66
67
64
66
72
86
93
88
65
28
3
2
17
36
56
65
64
64
64
66
69
76
85
80
66
48
33
39
49
52
59
69
69
66
57
41
18
5
22
43
40
26
26
35
36
27
20
17
24
41
59
68
59
48
