18
11
17
26
37
39
34
33
33
29
43
59
68
67
59
48
37
33
24
19
18
18
12
9
19
26
28
24
16
8
10
21
36
45
49
34
10
1
16
38
44
44
36
27
33
39
44
59
67
58
53
58
71
76
69
61
65
64
57
55
59
58
52
50
58
66
55
38
34
32
24
20
18
20
22
23
25
24
17
0
-10
-19
-25
-27
-25
-19
-9
-6
-6
2
10
16
22
35
38
43
59
75
84
84
85
76
69
73
84
88
90
91
85
76
81
87
88
84
86
90
97
104
115
128
131
118
100
92
98
112
119
113
103
92
81
74
74
68
60
61
60
50
37
28
18
2
-11
-6
8
23
29
37
41
41
39
41
44
43
40
44
50
54
50
42
43
53
51
42
38
42
57
70
82
84
72
66
70
73
73
71
72
74
66
55
58
66
67
65
56
52
52
59
69
71
66
58
56
54
56
67
71
66
59
65
67
68
80
98
103
100
91
83
80
83
92
93
72
48
41
58
82
96
97
97
90
89
97
87
56
28
22
32
41
50
54
56
60
64
54
34
24
26
35
34
20
5
1
7
18
28
35
32
28
26
23
26
37
40
42
42
39
35
35
32
22
17
10
8
0
-9
-12
-5
-2
-6
0
5
6
3
-8
-19
-22
-24
-24
-18
-1
2
-6
-4
12
27
28
34
33
21
10
2
5
26
44
38
19
6
10
22
34
35
22
10
20
26
13
5
8
17
16
11
10
16
17
10
17
35
51
54
38
25
22
27
39
53
60
69
80
80
69
70
74
70
69
74
73
67
72
84
76
57
41
40
48
60
80
90
76
54
41
42
51
61
59
55
55
57
55
55
55
54
58
65
67
65
57
39
21
16
11
16
20
32
44
50
43
32
25
33
48
54
43
33
33
54
88
100
89
82
82
83
80
68
58
59
70
70
55
37
28
40
58
66
60
51
42
41
38
39
43
50
54
54
55
58
57
48
36
34
38
51
50
34
25
33
43
56
65
70
74
80
71
60
65
64
54
48
44
43
42
54
71
66
44
24
17
17
18
19
23
25
25
28
36
45
49
41
28
29
41
55
65
66
54
42
41
44
39
41
58
74
74
54
36
36
40
33
17
10
7
4
11
17
17
24
39
43
44
48
55
57
52
43
39
38
40
37
33
29
33
49
65
60
38
12
8
24
43
53
45
26
23
41
56
64
72
76
83
92
101
98
89
89
90
83
64
53
54
57
53
51
56
65
73
72
60
44
34
25
17
19
29
40
42
41
36
25
25
39
48
41
38
38
35
37
48
57
61
59
56
61
65
53
42
45
54
52
41
25
12
9
12
25
45
61
73
74
69
59
60
73
87
90
85
72
54
43
43
51
57
55
50
57
67
74
74
68
53
44
40
34
32
26
21
22
25
33
37
36
37
43
57
66
65
58
57
54
43
36
26
18
10
12
17
20
28
33
37
45
51
50
51
51
52
53
54
54
56
61
61
48
34
37
55
66
67
65
58
52
61
81
81
70
69
74
85
92
87
74
75
85
86
83
80
66
44
23
12
10
11
6
1
-3
-4
-3
1
13
26
32
23
18
22
32
37
34
20
7
11
27
40
54
64
60
60
60
55
56
60
53
36
26
34
39
39
38
50
59
54
35
20
17
10
6
17
35
49
50
53
68
74
64
48
40
43
52
59
60
53
50
45
37
35
43
53
53
42
33
23
18
18
28
35
36
41
43
37
28
26
32
40
52
53
45
48
44
42
41
50
61
58
41
25
17
21
24
34
36
28
25
49
65
65
57
55
59
60
59
64
61
64
74
88
91
93
97
90
77
64
58
60
66
58
44
25
9
7
16
23
29
35
34
33
23
11
10
11
21
36
48
42
41
42
36
27
28
35
33
25
24
40
53
43
32
27
40
59
75
80
75
73
60
51
57
64
61
68
76
73
55
43
42
43
39
32
34
41
41
36
33
40
57
70
82
88
87
74
60
55
65
77
89
91
82
66
54
54
58
76
100
96
73
60
57
50
36
35
43
54
51
38
27
34
48
43
32
21
20
36
56
71
72
60
56
53
44
37
27
21
18
25
38
43
36
34
41
40
26
17
12
11
17
22
23
25
38
56
72
86
86
70
53
42
40
39
34
24
26
38
48
42
35
25
26
43
57
66
70
68
54
53
60
57
50
42
36
28
26
34
29
27
33
43
58
68
71
68
60
56
52
37
22
24
38
50
49
27
11
21
36
26
18
10
6
11
18
28
42
53
52
48
40
39
44
48
43
49
57
65
56
34
8
5
21
53
83
84
70
68
70
61
56
64
69
57
45
43
45
48
45
44
51
49
37
28
39
60
75
70
49
37
41
51
48
