73
68
67
72
83
76
69
69
77
86
86
73
54
40
33
39
51
52
57
75
84
68
43
29
28
24
23
35
54
59
56
52
59
77
86
80
69
59
49
34
24
34
58
85
88
80
70
64
53
42
44
55
53
50
50
53
44
39
49
60
69
70
64
51
39
28
28
43
57
53
38
35
52
58
60
64
56
58
80
93
86
58
35
38
53
65
59
43
37
41
54
52
42
53
72
75
57
39
28
33
40
40
25
13
12
33
54
64
60
54
51
60
72
68
52
36
35
38
39
45
60
71
64
52
51
59
71
72
65
57
57
53
41
32
26
27
27
24
20
19
22
24
35
49
59
72
76
76
80
85
86
88
93
92
81
72
71
81
84
70
51
51
73
98
102
93
81
59
50
52
60
56
43
39
36
28
22
25
42
58
60
52
53
52
44
51
64
73
82
82
74
81
88
90
86
72
54
38
38
53
69
81
85
76
60
52
58
65
56
51
53
66
82
82
68
55
56
60
60
52
43
40
41
48
54
59
64
56
54
59
67
66
55
51
52
52
52
58
69
70
69
70
71
65
50
41
42
41
43
43
36
28
35
44
52
56
55
53
54
49
39
39
43
44
27
16
18
23
24
18
9
-1
-6
-3
6
23
36
26
16
7
10
16
21
23
12
-2
-11
-13
-9
1
12
22
25
29
38
49
56
58
54
44
37
32
26
21
22
26
32
28
27
33
42
56
71
84
84
75
69
53
32
17
12
24
33
25
9
-1
-2
8
29
52
56
44
25
1
-13
-10
-2
1
9
21
32
39
40
39
49
61
56
29
3
-5
2
18
22
22
18
8
10
18
22
18
20
28
38
43
49
52
58
68
67
54
42
44
65
82
77
65
61
65
59
51
42
41
50
53
41
36
34
35
37
37
48
58
67
68
68
67
59
54
45
39
43
48
53
60
72
80
82
81
70
53
38
35
50
71
74
60
54
54
54
57
59
58
54
54
67
76
77
77
82
68
48
41
49
56
59
60
60
65
82
89
80
72
81
88
84
69
57
51
50
53
42
33
35
44
58
67
67
61
59
58
53
44
42
45
43
48
49
39
25
20
21
27
25
9
1
1
6
22
40
54
66
67
52
36
40
40
10
-13
-5
-1
-20
-26
-19
2
32
51
64
54
20
7
21
54
93
102
71
42
42
53
67
81
83
74
60
52
37
20
9
25
43
49
50
53
54
51
50
38
19
7
6
11
25
48
56
50
41
37
35
36
43
55
56
49
40
28
19
18
26
41
52
58
65
56
41
41
54
66
65
52
45
52
66
74
86
98
99
105
115
118
108
102
101
103
92
73
54
42
50
59
58
50
48
52
57
56
54
58
64
56
56
61
65
67
69
72
73
75
69
55
51
51
49
49
56
68
57
41
43
52
55
52
42
34
29
37
42
41
37
39
41
50
70
84
85
72
53
37
29
33
42
55
59
49
34
32
37
44
52
57
58
58
52
43
44
45
48
50
56
66
61
51
37
21
8
12
25
27
16
3
10
28
42
41
37
32
40
53
51
34
10
-1
1
5
8
13
16
17
13
10
11
22
29
35
24
4
0
8
22
34
40
50
55
48
29
22
25
29
42
53
48
41
45
52
53
52
42
38
41
51
56
40
23
26
52
68
59
42
38
49
59
64
59
57
52
48
38
27
22
25
38
38
23
11
12
19
25
36
54
65
58
56
57
69
72
64
48
29
21
22
32
44
54
52
49
44
49
52
59
55
36
22
23
22
10
5
2
1
1
8
26
53
66
58
49
42
42
50
53
42
25
19
24
35
39
41
49
64
67
53
42
41
44
41
36
37
43
58
67
55
37
32
32
26
26
39
54
60
54
41
32
36
44
45
41
43
44
42
35
27
29
54
75
76
65
53
49
43
44
40
41
57
65
65
69
76
75
70
72
74
64
40
27
28
42
61
59
41
26
25
40
48
34
17
20
39
60
73
67
51
49
54
57
52
39
33
28
37
52
66
71
71
58
35
21
33
51
61
58
55
64
75
80
71
73
80
74
53
32
20
28
40
48
55
56
49
38
40
49
53
53
49
38
33
41
57
66
68
64
55
59
58
59
74
86
86
83
85
90
88
77
60
38
26
22
21
25
40
43
42
36
39
54
59
52
44
43
49
54
55
53
44
40
36
40
45
52
57
57
50
45
51
57
57
60
68
69
66
65
64
65
64
64
65
64
65
61
66
64
59
57
53
48
40
42
53
54
57
65
57
50
43
48
50
52
56
60
48
33
25
21
22
36
52
52
37
26
34
44
56
54
37
25
25
28
25
22
22
23
32
32
23
13
17
27
38
44
42
32
27
36
37
29
24
22
33
