50
68
83
82
64
40
38
51
59
70
71
67
65
65
67
71
68
57
45
38
38
48
61
68
59
49
43
44
48
48
48
51
56
60
61
68
71
60
36
19
21
41
65
66
57
42
32
35
50
65
72
69
59
52
44
40
45
57
59
43
33
28
33
35
43
51
48
37
23
26
36
41
42
39
40
52
57
55
57
67
75
84
74
54
39
42
57
60
50
41
54
65
69
65
51
42
51
57
57
48
37
35
37
37
35
35
44
58
60
56
54
52
52
58
65
59
45
34
25
25
35
50
53
41
35
39
55
68
65
59
65
66
55
44
36
27
32
38
37
38
37
27
20
21
34
48
55
44
19
3
2
8
9
13
22
28
35
41
49
48
28
18
8
-2
-11
-10
4
17
19
19
24
37
44
56
66
68
67
68
75
86
86
74
52
27
17
18
26
42
53
52
41
35
27
23
23
26
29
36
37
29
21
22
26
32
37
28
22
25
33
42
51
44
35
33
35
42
56
67
65
59
64
60
51
36
27
35
43
48
45
50
67
87
89
76
64
53
51
51
50
44
37
38
29
24
33
41
38
28
24
39
58
66
54
40
41
48
43
37
27
18
16
18
25
33
39
44
37
20
19
36
45
44
41
55
65
61
57
48
27
17
22
27
28
23
12
9
16
33
45
54
58
67
70
58
44
54
68
57
35
26
34
36
36
42
55
60
67
73
73
67
57
50
43
40
37
39
44
49
51
50
44
44
44
43
48
49
39
39
53
67
70
66
67
64
55
57
64
57
43
25
16
7
8
18
34
50
52
43
42
56
70
65
54
55
64
64
54
60
70
70
55
44
42
38
34
38
52
64
69
71
83
96
97
88
74
66
66
70
77
68
50
39
38
38
48
60
70
65
48
33
27
34
38
38
35
28
26
33
38
37
32
28
42
55
51
42
35
29
35
50
64
69
64
42
27
26
36
39
28
17
8
25
53
66
65
58
58
65
74
77
56
28
12
22
42
56
65
74
81
74
69
67
58
53
50
50
48
39
29
34
43
55
68
70
58
44
41
55
70
77
81
81
69
52
42
44
45
42
36
34
39
38
39
64
89
99
97
85
75
71
69
60
44
32
27
37
41
44
51
58
59
50
41
38
38
42
37
25
13
4
-6
-11
-4
5
19
35
42
48
42
39
43
49
48
50
56
59
43
33
40
52
53
51
43
36
40
50
57
75
93
93
82
71
66
64
61
59
56
43
33
37
49
50
45
42
39
41
42
32
22
21
32
42
52
54
56
55
56
51
49
59
69
59
44
52
64
58
48
38
34
35
41
49
49
41
38
39
42
42
28
11
5
16
27
36
50
75
89
76
58
53
53
52
43
35
28
25
27
36
38
35
40
58
75
81
72
57
45
44
50
49
38
33
41
52
52
44
44
51
61
66
60
57
48
34
16
5
4
11
24
28
29
32
27
19
23
43
52
37
20
6
2
1
8
21
32
40
49
48
37
29
38
53
56
52
49
49
51
57
60
56
50
50
58
65
61
64
70
71
59
56
59
60
49
36
25
23
38
58
70
67
60
70
85
82
68
60
69
73
68
55
44
41
43
44
40
27
17
4
-2
9
28
41
35
20
9
5
0
-7
-6
9
25
32
29
43
67
72
56
48
58
77
74
52
35
37
45
50
48
45
45
40
34
28
24
19
19
16
5
-2
-5
-1
2
9
13
18
23
27
40
57
70
73
74
74
72
76
82
81
80
81
86
100
92
72
55
52
53
52
41
37
41
52
57
53
39
25
16
9
16
24
32
27
20
13
18
23
29
35
39
42
50
64
71
75
84
80
69
68
64
57
57
51
44
50
55
60
71
77
80
76
71
67
70
80
76
66
49
49
58
60
56
52
48
36
22
21
23
27
38
43
43
38
23
19
26
36
41
44
49
44
44
60
70
68
66
69
71
60
49
39
42
51
54
54
49
42
44
58
64
48
23
11
10
18
27
39
42
42
35
23
28
50
69
75
70
66
69
71
67
52
50
58
72
83
81
81
82
80
72
67
58
55
59
69
68
58
57
61
58
52
51
42
35
27
23
25
36
37
34
41
60
70
54
38
32
34
42
40
19
4
21
52
75
82
68
55
57
61
65
81
100
99
74
57
61
75
84
72
51
44
55
74
88
98
96
80
58
42
39
39
32
17
6
11
28
40
44
42
41
41
37
34
33
40
45
42
42
49
66
81
73
57
50
53
54
57
68
74
65
52
48
43
41
40
41
50
51
43
34
25
22
18
21
34
44
44
33
19
13
23
39
48
39
23
23
28
24
21
20
21
23
32
42
48
41
41
44
57
68
65
41
19
21
39
53
58
