7
6
17
24
25
28
40
52
58
60
57
57
55
48
43
45
49
59
67
55
43
51
68
72
70
72
74
67
58
52
42
41
57
73
65
50
53
65
72
75
70
45
10
-4
9
34
40
36
37
48
53
58
60
68
84
90
77
64
66
71
72
68
57
56
57
50
36
32
43
59
71
71
68
68
65
55
39
21
16
16
13
12
17
38
50
44
33
27
43
58
60
56
53
42
32
34
58
70
55
28
16
20
36
55
66
65
50
28
24
40
55
56
54
61
66
55
50
50
49
56
64
52
42
52
71
83
83
70
58
53
58
64
66
69
65
56
53
58
59
58
57
60
55
43
34
35
44
53
51
43
43
48
59
74
72
58
51
49
58
72
75
76
66
51
51
59
69
76
97
102
83
53
41
56
75
75
64
49
49
64
80
81
74
64
58
59
59
58
64
66
60
53
44
40
40
42
51
60
70
71
71
65
50
37
33
33
48
60
59
52
37
28
38
44
34
20
12
8
2
5
18
24
27
34
37
38
39
42
49
53
55
48
33
19
12
22
33
27
17
16
33
42
42
36
22
16
17
19
26
33
36
35
35
32
25
20
8
6
21
38
52
65
59
43
41
49
53
44
32
28
41
50
56
70
89
99
90
71
53
33
11
-1
2
10
17
9
6
8
9
12
20
26
33
51
72
73
59
43
38
39
44
50
43
39
41
52
58
60
54
39
38
50
56
55
49
40
35
29
22
20
33
57
80
76
64
57
72
88
88
72
53
43
43
39
36
35
39
41
39
43
56
67
64
60
66
57
39
34
33
41
52
64
76
77
71
60
41
27
38
51
50
29
16
19
27
36
41
51
66
73
71
66
59
56
57
59
52
28
16
23
41
51
37
19
17
29
45
55
56
50
39
38
39
43
50
45
36
32
34
38
43
48
45
40
38
45
52
55
48
32
27
33
41
52
58
60
60
59
52
48
53
50
42
48
50
42
33
25
27
43
65
72
67
60
64
67
67
70
69
61
55
51
52
44
39
39
43
39
38
50
64
66
59
66
83
92
91
98
97
84
82
88
89
73
50
36
41
53
64
57
42
34
49
74
86
73
59
55
53
58
69
80
76
69
64
57
55
52
49
52
60
56
45
42
41
40
40
50
55
58
65
73
84
86
82
67
52
43
36
33
23
21
28
49
66
71
80
90
84
66
51
40
24
4
-6
-3
7
25
36
34
21
18
23
21
25
35
32
22
25
38
36
26
24
17
2
-4
-1
5
12
23
17
-3
-9
3
26
49
43
20
6
10
12
6
-1
-4
-5
-3
-3
-6
-8
-1
12
29
32
16
0
-3
6
22
26
29
36
39
53
70
80
68
53
42
39
43
48
49
51
59
68
60
40
25
28
36
43
55
53
41
38
41
49
52
44
27
23
32
28
24
28
39
43
45
53
68
72
64
38
20
5
2
5
18
32
34
35
40
42
53
67
75
76
68
57
51
39
25
24
25
17
3
-3
-1
5
18
43
75
92
88
72
67
74
76
72
68
53
39
33
42
66
74
67
53
40
35
36
39
41
51
71
89
90
73
61
59
59
59
61
64
58
50
39
36
32
29
26
4
-5
7
35
53
58
56
64
67
59
53
43
33
21
25
35
38
37
39
55
74
86
77
60
50
51
48
29
18
11
20
38
43
43
53
57
53
43
38
33
26
23
18
18
21
29
54
76
89
82
57
38
35
40
48
42
36
37
51
73
85
75
65
59
67
76
80
70
55
44
51
58
59
59
61
60
55
45
40
34
42
58
69
71
72
75
80
82
86
82
75
69
53
41
51
64
64
56
43
33
33
48
66
74
66
53
39
25
24
22
7
-4
7
25
32
27
32
39
44
42
36
36
48
58
67
66
65
66
64
56
52
53
56
54
42
41
53
56
44
35
42
54
56
54
53
52
50
43
49
57
64
70
75
69
49
34
33
37
42
40
41
49
59
67
70
81
97
98
80
66
57
38
20
16
27
50
72
80
64
55
66
77
80
64
37
22
21
26
33
28
22
25
48
70
81
71
45
25
19
17
22
28
34
35
44
43
23
9
17
33
50
58
56
35
8
4
26
58
83
92
81
53
38
41
50
58
57
42
36
40
44
52
58
54
51
43
28
19
22
35
56
75
77
70
65
64
66
72
84
82
73
59
54
56
51
48
44
49
43
35
26
21
24
44
70
71
52
34
21
19
23
21
11
9
11
21
25
27
27
35
42
48
50
52
44
34
34
52
66
60
45
34
16
1
-5
-3
6
8
4
12
32
53
66
60
44
33
28
25
20
19
32
41
38
23
11
13
23
35
49
51
37
21
5
-5
-5
3
10
11
7
11
16
12
23
