22
11
11
21
27
33
34
35
40
45
38
27
35
49
64
67
56
44
40
42
50
57
65
73
87
98
99
96
82
67
55
36
19
24
39
57
65
58
51
49
50
50
45
49
50
39
26
21
23
37
51
43
32
27
37
49
57
53
36
23
26
52
81
88
73
59
57
61
67
74
72
70
66
54
45
44
50
55
60
53
40
37
39
43
49
45
44
39
25
9
5
5
5
10
24
38
41
36
35
36
39
42
44
41
24
9
7
12
20
16
8
16
34
45
44
24
0
-8
1
18
34
39
37
33
37
44
49
55
66
71
69
53
43
52
61
68
71
74
69
57
59
59
59
55
43
38
39
45
55
60
65
58
57
56
54
48
38
33
27
22
24
33
34
23
9
5
11
24
33
28
21
21
34
41
41
42
41
39
34
33
36
35
40
48
50
42
43
53
58
58
54
48
37
26
26
27
35
48
49
42
44
49
50
41
37
42
55
52
37
27
34
42
52
64
74
81
82
80
73
66
60
61
61
67
76
81
72
60
60
76
97
101
76
49
26
23
26
33
34
18
2
5
17
27
28
19
9
17
36
51
48
36
36
34
32
32
35
41
50
51
48
41
43
55
66
59
51
39
33
27
25
25
34
40
49
57
59
55
55
61
70
74
65
55
68
82
83
73
82
100
98
74
53
49
55
73
87
97
96
87
74
68
69
69
66
66
61
56
51
43
33
19
7
9
21
32
26
8
0
10
28
39
40
42
51
56
48
25
10
17
27
36
37
34
40
50
56
54
50
56
71
74
76
82
75
64
49
35
34
44
58
59
43
28
35
44
55
59
59
57
52
44
37
27
24
35
43
49
43
25
9
16
35
50
57
66
73
70
54
41
50
58
66
68
57
45
39
40
51
59
60
59
58
54
43
34
26
28
38
45
52
57
68
71
75
81
72
58
55
54
51
54
64
64
54
50
53
54
48
40
42
51
49
35
25
34
39
50
56
53
52
57
56
52
52
50
41
41
51
55
51
38
27
25
33
38
38
38
41
50
50
41
39
38
40
48
65
70
57
41
34
40
48
50
53
56
57
53
43
48
64
72
57
38
25
18
12
5
2
4
16
17
9
6
10
19
23
28
27
22
21
21
20
26
41
54
51
43
39
37
33
34
35
35
40
48
41
21
18
35
50
59
57
36
19
23
38
40
33
22
12
12
28
50
51
34
24
27
38
37
36
38
36
40
54
61
53
37
32
33
41
52
54
51
49
42
40
42
44
41
36
37
44
56
65
60
64
73
83
87
82
71
66
55
49
45
44
45
55
57
48
39
51
67
66
57
59
68
65
44
35
29
27
28
27
37
44
42
33
28
49
76
81
58
37
27
38
52
57
54
52
56
57
59
64
61
52
50
70
82
65
48
38
35
35
48
57
55
43
39
44
56
70
76
80
74
72
75
70
60
54
56
65
68
64
57
54
51
42
41
49
54
70
82
77
68
60
58
50
37
36
38
41
51
58
57
57
58
56
54
58
59
58
52
48
55
67
68
56
48
56
68
58
28
4
10
27
32
25
24
25
24
33
48
57
61
60
53
43
36
33
28
29
36
39
37
38
42
38
29
32
33
27
24
19
19
27
39
40
38
35
39
53
58
56
58
58
44
40
49
53
53
49
36
32
49
72
80
80
80
76
74
68
59
53
44
38
36
43
64
66
65
77
102
107
91
60
36
26
24
19
9
10
24
36
48
60
73
81
73
53
25
8
8
16
26
36
35
33
38
52
69
68
53
34
9
-3
4
25
41
44
38
34
36
44
51
50
44
44
44
44
55
60
49
41
49
51
50
37
26
36
64
83
81
69
57
41
28
24
27
34
23
10
16
20
18
17
22
38
51
49
42
38
29
24
24
40
53
44
34
36
45
49
28
13
8
25
52
52
33
26
38
52
68
81
73
59
49
36
23
16
20
34
36
28
27
25
21
24
36
40
41
38
32
28
43
53
51
42
35
20
24
48
66
68
68
70
65
56
60
71
67
51
43
40
40
32
25
32
36
33
25
32
33
24
22
23
25
24
18
25
54
75
67
50
53
58
57
59
66
61
57
58
57
54
42
40
53
65
70
70
66
55
50
45
49
44
44
42
32
24
38
64
81
75
55
37
32
41
55
64
60
64
68
71
75
72
72
71
70
69
57
43
37
40
59
80
75
53
33
26
34
41
52
55
51
49
38
26
36
42
33
21
22
25
21
20
22
24
32
44
71
99
108
103
83
69
70
77
81
74
59
39
25
22
37
53
55
59
67
70
73
64
35
22
38
60
73
67
49
34
36
44
48
40
38
56
73
65
49
40
43
49
43
