33
20
19
32
55
68
56
36
19
12
23
37
37
33
27
25
25
27
34
32
21
10
3
1
-2
-3
5
8
4
9
25
29
19
9
13
22
24
22
21
23
26
19
11
10
11
16
24
32
28
29
38
41
43
50
56
53
50
55
66
73
82
81
64
49
48
52
51
52
60
67
68
67
57
42
34
34
38
50
57
48
27
21
21
18
19
23
28
41
52
51
44
37
34
36
49
66
84
89
80
58
50
49
50
50
48
38
33
38
42
38
37
41
44
52
64
64
53
48
56
69
75
75
67
55
42
32
28
45
67
72
65
58
64
57
49
35
33
36
41
58
76
82
75
66
57
67
89
96
84
71
65
61
64
66
67
59
57
69
84
86
76
60
52
58
68
71
67
55
52
48
39
32
39
55
59
52
38
28
28
40
50
44
34
25
27
50
66
69
70
66
54
50
48
44
42
25
12
18
35
49
45
37
27
27
44
67
86
88
89
91
86
73
64
55
52
48
41
43
45
44
41
40
41
32
17
17
27
40
50
55
56
51
52
60
64
56
50
35
23
18
17
21
21
12
18
33
44
53
56
51
53
59
64
56
50
44
43
32
12
18
38
58
73
75
65
60
68
61
52
42
38
48
67
82
76
67
70
85
87
74
59
55
52
44
45
56
57
56
55
52
43
38
38
41
51
64
66
60
57
58
60
68
73
70
65
64
74
84
77
71
68
53
34
28
28
27
33
33
32
44
68
82
89
84
64
50
45
41
27
17
18
26
33
38
51
65
76
72
57
60
74
60
26
2
3
23
49
58
65
68
71
72
72
57
49
52
59
53
36
21
24
40
44
36
24
24
32
36
45
51
37
20
19
33
43
44
41
36
33
36
39
34
23
20
21
19
13
13
13
11
19
28
40
52
69
82
72
59
56
53
39
22
13
19
25
34
42
48
49
55
69
70
60
51
42
37
35
29
28
22
17
22
33
41
53
58
54
52
54
53
55
53
57
65
70
69
59
52
50
40
34
40
56
61
58
58
57
55
55
54
44
34
32
39
50
57
59
71
83
88
88
87
86
80
73
70
70
68
71
75
69
54
39
32
37
48
50
43
40
48
53
50
35
24
23
32
43
58
64
57
59
65
67
69
66
53
34
17
12
11
7
5
1
6
12
10
9
26
50
58
53
36
19
10
8
9
17
17
19
25
28
34
35
33
32
37
40
43
51
67
82
83
65
36
12
11
25
44
51
49
44
42
43
44
51
51
44
51
60
67
65
54
41
39
44
55
67
80
86
76
59
51
54
60
58
44
35
43
55
64
72
75
70
58
57
70
76
70
60
52
41
35
25
23
26
38
49
54
58
58
55
61
72
73
73
57
35
17
10
11
11
12
23
39
44
45
51
51
50
44
36
34
38
44
44
42
48
51
42
37
39
39
38
44
51
57
64
53
38
38
51
61
68
69
60
49
42
51
55
49
43
56
67
59
37
13
9
21
28
23
17
19
24
34
44
52
48
37
27
28
39
43
43
33
19
10
20
36
44
41
37
42
56
67
66
58
54
45
35
24
26
43
55
55
53
43
42
55
61
59
48
29
16
13
28
37
33
22
10
5
12
28
38
29
23
16
5
1
4
19
28
33
29
27
34
41
38
24
12
4
4
8
23
41
42
23
8
16
32
34
33
36
48
58
56
50
48
48
43
37
24
17
9
8
16
17
11
11
25
37
42
40
37
32
27
38
50
43
39
41
54
69
75
72
66
64
57
50
42
39
36
36
40
44
43
37
34
37
42
44
44
38
35
37
40
39
27
24
27
34
35
33
40
48
48
54
51
39
34
33
33
32
28
34
38
42
40
36
39
55
61
65
58
55
51
50
43
42
50
50
36
23
27
40
49
51
56
70
74
73
67
66
76
87
84
75
60
53
54
52
50
58
64
57
52
45
44
56
65
64
57
54
51
44
38
38
39
42
38
38
49
59
61
56
48
37
36
48
56
57
51
44
54
65
80
92
88
68
52
53
65
76
71
58
44
32
33
44
52
51
38
22
17
22
37
50
55
59
64
66
67
67
74
84
90
86
73
65
58
72
91
96
81
66
69
83
84
70
59
55
49
44
41
34
27
28
35
36
36
35
22
10
11
23
40
58
71
70
52
40
36
36
37
36
27
24
35
52
60
65
58
48
29
22
19
21
36
51
60
67
67
57
48
39
42
57
73
75
72
72
76
80
67
48
38
43
52
45
39
35
38
58
74
72
61
60
71
84
82
66
54
51
56
68
76
68
43
26
21
21
20
21
36
49
49
35
26
33
40
43
45
55
56
57
60
55
43
44
48
43
50
56
53
53
