59
54
51
49
54
57
52
45
53
73
86
83
69
52
40
37
34
36
37
32
23
21
25
36
40
50
66
81
83
76
75
84
89
81
58
40
33
38
35
19
17
22
27
27
28
37
52
54
42
42
60
69
55
37
26
35
52
56
52
50
45
44
42
36
32
25
24
26
26
20
18
26
43
49
40
37
50
60
66
69
75
84
84
74
68
64
58
50
38
28
35
39
37
36
49
57
55
57
75
87
81
71
70
81
89
83
67
48
38
38
38
44
43
37
36
27
25
33
52
59
50
49
58
68
71
64
55
60
75
75
59
37
19
16
20
33
40
40
35
32
26
25
24
33
41
44
42
49
56
54
44
42
37
23
7
-5
-18
-24
-20
1
24
44
51
42
38
51
64
69
61
51
50
64
74
80
72
73
89
98
87
76
74
68
57
50
51
51
52
52
55
56
55
58
67
71
64
49
29
18
9
20
40
57
68
71
68
56
50
50
50
41
33
25
25
34
41
42
40
44
54
58
59
51
44
44
44
44
52
51
40
28
24
28
43
56
55
43
39
41
37
24
18
19
17
7
4
6
16
26
38
44
49
55
58
60
66
66
57
48
41
44
57
60
50
34
20
16
22
39
49
48
40
38
37
40
49
55
53
45
36
33
35
43
52
49
33
27
44
64
72
68
52
35
33
41
50
52
50
49
56
65
60
54
48
48
55
67
71
60
57
59
55
42
34
35
42
59
64
48
26
16
17
23
34
35
23
12
12
16
12
12
25
41
51
53
44
34
16
1
0
-5
-12
-22
-20
-6
7
19
13
8
12
23
33
37
34
20
11
28
55
70
68
56
50
48
51
60
73
75
71
61
65
83
106
106
83
65
59
64
69
69
73
86
84
68
64
65
72
82
80
60
39
34
40
44
45
50
51
42
36
27
20
11
24
40
37
25
27
38
45
52
49
25
0
-2
24
69
103
113
109
114
121
130
138
136
120
90
65
58
76
102
121
124
124
132
139
136
133
134
132
119
108
109
118
122
117
108
101
85
68
55
49
42
45
54
71
82
83
76
67
57
55
49
39
36
42
51
44
34
33
43
50
52
55
52
43
38
37
33
32
42
44
39
27
19
18
17
18
26
38
43
49
49
42
36
39
52
57
54
41
39
44
50
53
49
32
12
7
-1
-12
-12
-11
-20
-36
-43
-40
-28
-23
-21
-19
-8
6
19
28
21
9
8
6
11
23
23
16
17
35
53
49
34
27
38
49
43
33
24
24
27
32
38
49
57
52
38
25
17
9
12
28
36
24
11
10
22
34
38
38
35
40
42
42
53
70
73
55
16
-25
-42
-42
-40
-41
-45
-50
-52
-44
-30
-19
-5
8
18
12
1
-10
-13
-8
3
20
35
40
28
19
20
27
39
48
57
66
68
59
54
56
67
71
76
88
92
89
76
76
81
82
72
69
84
104
109
103
85
72
67
67
70
75
80
76
80
86
85
81
82
85
83
76
73
60
44
34
27
21
22
48
60
54
52
54
58
57
56
53
48
51
58
56
49
48
53
64
65
40
6
6
34
50
45
40
33
10
-2
3
9
5
-5
-10
-9
-11
-13
-9
1
12
24
32
32
21
10
12
25
35
38
44
50
48
25
6
9
35
64
72
65
53
39
37
52
55
42
32
34
50
68
84
90
82
74
74
77
81
87
92
92
90
88
91
99
106
102
92
86
80
75
77
72
67
60
55
56
68
77
82
77
84
88
90
85
80
74
75
88
99
82
53
38
44
58
64
58
58
57
50
42
49
52
43
43
44
38
33
41
64
74
72
60
56
64
59
43
34
39
50
59
56
42
49
65
71
69
59
49
41
45
54
66
67
66
69
74
65
51
43
41
40
38
40
48
60
73
64
41
35
41
40
32
35
52
67
71
76
88
92
86
65
49
36
26
26
25
9
-8
-18
-6
10
12
4
-18
-25
-21
-17
-9
-1
-5
-25
-40
-36
-23
-14
-11
-11
-18
-18
-6
10
19
16
16
19
33
41
28
13
17
34
37
28
21
9
11
24
27
32
45
54
55
64
61
48
26
24
50
82
100
97
85
82
100
132
139
121
96
76
73
72
69
72
86
96
98
101
109
115
113
107
104
101
88
73
74
88
99
93
82
69
58
58
70
72
66
59
51
39
43
65
88
96
87
74
70
81
88
88
85
82
71
60
55
55
58
64
66
58
51
39
38
51
58
64
69
73
64
49
55
72
83
83
81
72
56
43
42
42
42
38
27
18
20
33
48
55
52
35
28
38
35
23
40
64
57
35
28
32
32
32
22
26
48
71
86
87
77
59
45
41
42
35
21
4
-5
-8
-4
-2
-4
-12
-19
-20
-29
-45
-60
-65
-54
-36
-22
-20
-27
-43
-39
-21
0
6
-1
-2
-1
-2
2
