17
20
35
44
53
56
55
56
60
67
64
54
50
54
68
82
80
68
64
69
73
73
81
76
65
55
58
69
65
49
34
32
35
36
34
39
43
38
26
25
39
55
59
61
69
74
74
72
70
66
59
57
56
53
54
64
69
51
25
18
23
28
33
39
49
50
42
39
43
55
66
66
68
80
91
92
80
64
61
77
88
74
49
27
25
34
52
65
65
66
72
80
72
60
52
40
42
53
64
68
65
64
58
44
38
50
72
96
102
89
71
57
49
39
42
50
52
57
68
67
48
22
16
40
81
96
80
57
39
24
25
36
38
36
35
37
33
16
1
5
22
45
75
93
92
77
70
60
48
37
25
19
13
9
16
26
36
41
55
66
67
64
64
65
65
56
51
51
60
84
96
81
58
43
44
64
74
71
59
45
32
20
12
6
7
22
37
43
38
27
33
43
58
75
83
76
73
73
64
48
26
5
-11
-29
-34
-11
7
12
12
17
32
50
60
59
48
29
9
-3
0
9
24
45
57
58
65
60
50
52
55
49
27
5
-3
-3
16
56
100
117
105
89
86
89
90
88
87
85
73
57
58
83
113
118
105
91
80
70
72
80
81
86
97
104
98
73
53
41
37
36
41
42
50
73
89
88
80
59
37
17
18
25
34
35
38
42
38
25
11
10
26
41
43
39
37
41
49
40
22
10
8
6
1
5
25
43
55
65
61
64
66
56
40
37
38
39
38
44
53
42
28
17
5
1
11
28
42
48
49
53
55
51
49
58
66
57
45
38
42
65
85
82
64
48
41
40
44
55
65
56
49
39
35
27
25
38
44
38
25
18
20
21
18
17
22
27
28
41
51
37
12
8
21
29
27
11
-11
-4
34
60
66
54
48
48
49
41
33
22
16
12
27
34
25
9
11
26
25
11
9
16
26
35
32
16
19
34
48
56
53
44
43
50
57
57
50
34
28
44
60
75
77
68
66
72
87
100
100
91
97
107
99
69
45
37
39
38
39
48
53
50
48
51
50
43
49
57
65
66
68
75
89
100
91
73
58
61
86
96
82
65
53
64
86
97
80
66
69
83
91
98
98
91
84
65
51
44
42
38
35
27
24
33
44
50
40
25
19
27
34
28
24
26
32
29
28
35
43
56
66
65
52
33
11
4
9
25
39
40
26
24
33
34
26
19
5
-8
-13
-11
-8
-5
0
5
16
23
22
8
7
23
36
32
24
28
28
25
18
9
21
43
57
54
37
23
21
22
28
39
39
41
51
57
67
68
60
45
37
38
38
34
18
12
35
56
59
41
9
-11
-3
17
26
39
48
37
22
25
44
65
85
92
87
80
81
81
72
71
70
59
53
48
39
38
51
73
96
101
90
84
86
90
91
84
72
64
54
44
39
41
50
59
68
64
57
59
70
80
85
92
98
87
71
60
67
80
81
70
54
53
66
67
56
41
28
24
32
45
56
58
65
73
77
80
73
56
52
52
39
17
-3
-14
-22
-24
-23
-18
-8
-9
-11
-5
5
16
26
35
35
28
25
27
42
50
40
37
40
40
32
22
21
27
34
39
48
58
59
57
66
72
75
74
69
56
54
64
60
48
35
40
54
52
33
13
6
8
20
36
50
48
39
43
57
66
57
44
40
43
51
54
55
56
53
41
39
56
80
81
65
49
51
64
66
66
64
52
42
40
42
42
29
24
24
25
28
29
37
41
41
35
28
27
21
6
-1
-5
1
6
6
2
4
16
35
54
55
44
35
33
40
40
33
34
40
37
22
21
36
50
56
58
60
64
53
39
41
68
86
67
37
26
27
38
52
64
69
68
53
33
21
24
37
49
55
56
44
26
27
48
58
55
39
24
25
42
50
53
61
66
58
50
40
41
54
56
49
39
37
35
37
41
48
50
53
51
43
40
36
36
44
56
67
70
70
68
58
51
50
52
58
67
72
74
80
88
91
88
82
80
92
113
115
100
84
86
100
109
108
107
100
82
71
75
88
101
96
84
89
107
118
101
66
53
71
85
88
83
64
36
21
33
68
91
85
51
21
11
22
33
20
6
12
37
57
65
55
38
24
24
33
40
43
37
23
1
-17
-10
6
9
4
4
9
23
35
34
27
26
33
49
55
45
28
22
12
8
12
19
22
24
19
8
7
6
7
21
52
75
71
58
57
55
50
39
40
52
56
58
65
75
85
88
90
90
81
60
51
48
50
57
66
75
86
90
89
90
92
86
69
56
50
51
66
70
59
43
32
26
29
25
18
17
26
34
42
59
72
73
66
52
36
33
38
43
39
37
41
40
28
24
29
40
49
53
51
41
28
17
9
13
25
37
44
56
58
51
43
44
50
52
50
42
28
20
24
32
