74
60
40
22
17
16
23
36
43
50
55
59
69
76
84
80
70
65
57
52
51
56
58
57
58
55
58
77
84
71
66
65
58
48
42
54
69
74
66
57
52
52
52
44
37
32
34
41
56
68
74
81
73
64
53
48
43
44
42
33
17
6
4
7
16
27
40
50
50
38
26
26
34
41
53
57
53
41
36
44
60
68
71
74
67
57
67
80
80
66
57
55
55
54
56
61
61
55
55
71
80
65
49
48
42
28
20
26
48
52
42
37
38
44
57
68
66
60
59
54
45
37
29
28
38
40
39
41
41
41
44
52
55
53
54
65
73
65
44
39
56
77
76
69
67
66
58
48
37
25
12
12
28
49
58
56
53
51
49
48
50
55
54
52
55
59
70
71
65
64
61
55
49
54
81
97
89
58
16
-7
9
28
16
-8
-24
-26
-19
-12
-12
-10
3
21
21
6
-13
-26
-25
-17
-10
-9
-7
-1
9
20
29
40
50
44
43
48
51
58
76
98
117
122
104
77
57
43
35
26
20
5
-7
-7
4
25
48
60
65
59
54
50
54
59
67
65
44
32
26
21
11
13
32
52
58
57
50
37
39
50
54
49
37
34
37
26
10
8
18
32
43
55
58
55
52
54
59
61
64
75
88
89
73
51
32
23
18
5
-5
-3
6
21
42
65
81
96
96
73
51
36
21
11
13
22
24
22
10
1
3
24
48
57
59
59
59
59
59
53
40
17
3
27
93
138
133
112
115
132
138
141
141
133
114
102
96
87
81
77
84
92
97
89
73
52
43
53
75
91
89
77
69
54
44
35
26
28
40
48
50
38
22
16
18
24
32
33
35
41
48
48
44
38
37
40
36
33
37
48
54
57
52
53
60
64
57
54
56
64
73
74
69
54
42
39
32
24
22
27
37
50
60
60
53
43
37
38
49
56
56
50
39
32
33
21
4
-8
-10
-2
5
9
19
24
25
34
48
52
42
25
3
-2
12
38
58
70
76
74
68
53
42
40
45
53
57
57
53
41
39
44
44
42
39
36
40
49
53
48
40
39
38
42
59
72
72
70
73
82
81
75
75
86
87
71
57
56
57
59
55
44
35
25
25
28
32
28
26
24
27
49
66
59
45
39
42
49
49
38
27
21
25
34
29
21
23
35
43
48
52
59
72
72
52
40
42
49
49
44
36
20
5
-7
-5
1
2
4
9
16
16
20
24
26
36
52
61
55
37
26
27
32
28
25
23
10
-1
10
33
40
36
26
19
28
48
48
34
26
29
35
51
72
81
71
54
40
36
34
28
27
33
37
38
40
43
45
42
45
53
53
43
34
24
20
16
17
22
26
29
26
12
0
2
17
37
42
42
59
73
71
64
64
69
75
77
76
81
77
64
41
35
40
39
32
33
49
68
75
82
83
80
71
56
50
51
53
56
60
66
64
65
69
80
82
75
68
64
66
66
54
48
43
43
50
51
44
48
52
52
52
60
71
82
88
96
99
92
75
66
65
61
56
49
45
42
42
49
59
72
70
64
57
44
34
34
35
35
32
24
21
27
36
34
23
22
33
39
35
23
8
6
16
19
16
6
10
32
51
58
61
55
41
32
29
28
26
33
41
44
49
45
40
40
44
59
72
75
80
76
70
65
60
60
65
65
60
59
59
55
53
54
57
50
34
27
38
50
40
26
22
28
42
52
44
36
26
21
24
38
38
24
18
24
32
35
38
36
29
28
36
39
35
22
12
4
4
17
33
35
33
32
38
52
55
51
44
34
24
21
16
16
33
49
52
49
48
52
58
68
80
86
81
69
57
44
44
58
66
64
61
50
28
18
18
23
33
28
19
6
2
8
20
23
24
41
68
72
64
57
54
52
55
55
51
41
40
51
65
61
54
57
73
85
74
48
37
44
56
64
59
51
43
39
40
43
48
48
49
50
45
41
53
70
71
57
44
32
25
36
41
41
41
50
60
66
57
53
53
52
53
55
54
48
40
40
45
61
70
72
67
59
58
59
64
60
57
54
54
59
69
82
80
65
50
54
67
75
82
74
54
37
32
21
19
35
52
60
64
68
75
84
83
77
61
42
32
25
23
23
26
26
21
22
33
50
66
74
81
82
81
76
72
66
48
23
18
29
44
51
48
50
56
54
43
40
43
42
43
33
33
42
41
38
37
36
40
44
36
20
21
36
50
49
34
16
11
22
18
2
-4
-2
1
5
28
50
43
29
32
40
38
27
12
-1
-8
-13
-20
-29
-38
-29
-9
9
12
11
12
13
19
29
38
34
18
13
33
49
50
44
49
56
59
64
66
58
53
53
50
49
59
80
87
86
72
57
56
73
97
99
82
74
76
71
69
72
84
97
101
92
77
