81
82
72
61
59
68
83
88
85
76
72
74
80
80
72
67
77
92
97
90
89
88
83
83
88
91
90
82
66
64
71
80
73
65
58
66
70
65
52
50
57
70
70
65
66
60
56
55
57
70
75
71
68
64
52
41
41
57
85
112
108
89
75
74
87
97
85
68
48
29
36
55
76
87
91
100
116
118
89
56
42
48
58
72
91
106
108
97
82
81
81
70
53
49
53
59
53
41
39
50
57
56
52
52
59
72
74
73
84
106
115
98
69
50
52
56
65
68
72
83
89
83
64
42
32
42
64
70
64
49
41
44
51
52
44
40
54
72
67
41
25
26
36
40
50
52
48
48
54
56
53
52
65
80
88
85
60
34
25
45
84
108
108
87
67
65
72
86
97
100
89
68
50
52
68
74
59
49
52
64
65
56
48
37
34
25
22
29
34
27
25
28
33
39
38
34
36
37
36
34
28
20
18
20
18
9
4
6
18
18
0
-17
-13
5
23
34
33
35
42
45
51
51
50
52
54
51
39
34
33
37
42
45
52
48
29
12
22
37
39
25
17
23
25
17
6
17
32
39
39
38
34
28
36
52
56
54
42
18
1
-2
-5
-9
-6
5
10
10
6
3
3
10
28
53
58
48
36
36
37
33
22
9
7
19
26
17
5
5
12
22
26
25
18
13
11
10
11
9
0
-6
-5
9
37
58
66
66
53
40
50
69
83
68
41
26
24
27
36
41
52
58
60
69
80
87
91
96
89
73
59
55
52
45
41
42
40
41
44
48
41
41
44
58
70
65
50
42
44
52
50
55
64
66
56
51
51
55
59
58
48
40
56
73
64
42
37
43
60
72
59
38
32
37
51
65
58
43
37
38
34
25
32
49
65
66
68
71
69
64
52
52
56
65
69
66
50
34
38
54
67
68
53
36
32
40
51
43
25
12
13
18
20
24
34
48
51
45
41
33
17
10
20
36
48
48
42
43
53
59
68
65
51
38
37
43
49
51
53
49
41
43
49
44
41
39
38
36
43
54
56
57
54
60
72
76
80
73
68
55
44
48
56
49
29
23
32
38
40
40
40
38
36
34
28
32
45
67
72
71
59
40
18
9
20
39
55
57
50
37
33
36
42
54
58
49
35
38
48
57
69
72
72
72
69
68
66
59
48
32
23
32
42
50
51
51
61
74
67
52
51
55
59
66
64
49
42
43
49
42
26
10
6
13
22
32
36
38
39
38
41
49
50
43
59
76
70
49
36
39
44
37
18
6
16
20
17
16
23
33
37
37
33
25
24
27
34
34
28
28
39
51
52
45
40
38
41
52
54
43
28
20
23
39
51
43
28
17
8
7
16
19
33
50
59
61
69
74
76
72
58
49
41
35
35
34
22
9
5
11
27
49
56
51
51
59
59
64
67
66
57
52
58
67
73
75
64
40
28
36
57
80
90
89
80
72
71
71
70
67
55
38
27
33
49
64
74
81
75
65
43
32
29
29
27
25
27
32
22
8
6
19
24
20
21
27
34
32
22
17
19
35
54
65
58
38
21
22
32
37
40
38
40
38
38
41
52
66
71
66
55
40
26
33
38
40
42
52
56
56
56
54
51
49
49
52
52
51
51
54
58
59
59
53
51
52
40
28
28
28
32
41
52
54
56
64
65
59
59
54
41
40
51
58
56
48
42
48
53
54
45
40
44
55
68
73
71
59
48
49
73
96
88
68
58
65
72
71
60
43
27
23
33
53
72
75
59
45
44
44
44
45
44
43
41
45
50
39
27
20
26
34
36
34
38
51
58
60
56
54
55
60
61
57
52
45
38
35
32
35
40
39
40
45
53
54
40
25
28
37
40
35
24
23
29
35
38
42
58
73
72
59
57
58
58
56
44
28
25
32
34
37
41
42
44
42
35
38
41
39
35
24
19
28
40
44
43
54
60
64
54
40
27
19
12
16
24
39
51
50
42
38
33
34
39
44
40
27
17
11
25
71
107
99
69
65
72
86
100
86
58
37
25
36
56
80
98
100
90
83
75
56
34
25
27
36
50
60
68
70
55
42
42
44
37
22
16
12
12
21
23
24
16
12
32
42
36
34
38
43
41
45
61
75
83
80
64
49
40
44
58
80
86
76
64
43
20
12
27
50
64
70
73
65
52
48
42
51
70
81
75
51
9
-21
-23
-28
-44
-57
-69
-70
-68
-52
-25
-5
7
10
-6
-13
8
32
38
38
33
37
54
59
41
10
-5
-5
-6
-17
-21
-6
19
40
57
69
69
65
58
60
69
70
70
69
67
64
65
69
70
71
77
88
100
113
114
97
80
72
73
73
60
39
22
22
37
55
68
75
75
83
90
99
107
103
85
76
