100
97
89
86
90
102
100
89
83
64
41
25
12
6
11
22
34
32
19
16
32
55
66
58
48
44
53
70
82
73
54
43
48
53
43
22
8
21
43
53
55
53
44
41
41
45
51
42
33
38
45
50
55
77
88
75
54
33
21
12
11
9
3
-2
-1
3
6
3
5
8
17
27
35
24
10
11
26
50
54
41
25
20
32
42
50
54
57
48
26
24
40
59
64
40
20
23
37
40
38
37
42
50
42
17
5
10
24
41
51
49
40
39
37
32
36
45
53
51
41
32
24
25
38
55
66
64
55
49
53
72
82
69
53
39
27
28
41
50
48
55
68
64
53
53
56
53
40
36
48
57
64
66
71
74
81
87
90
89
96
91
80
56
41
38
48
56
52
36
35
40
44
55
70
75
65
39
20
20
33
34
24
20
12
9
12
17
21
22
16
16
26
38
41
42
38
26
24
32
38
32
19
11
16
17
9
10
23
35
26
19
12
16
25
44
55
60
59
56
56
52
38
20
22
48
67
72
73
70
72
83
83
77
66
56
59
68
69
60
54
64
73
65
50
50
53
54
58
69
68
50
26
24
43
72
84
70
44
28
22
22
28
35
33
34
43
55
64
66
67
69
71
58
41
32
25
26
29
35
38
43
56
67
68
56
43
34
23
27
42
49
43
35
27
37
54
72
84
81
66
50
40
38
34
27
28
37
48
50
43
36
37
42
42
51
67
81
74
44
23
25
35
34
32
39
49
36
4
-6
12
37
42
38
37
49
53
55
67
70
65
54
42
39
49
58
69
65
40
8
-6
1
22
40
43
42
39
43
51
58
66
68
65
65
72
77
75
73
72
59
45
43
42
35
21
12
17
22
28
27
24
27
34
35
32
26
25
26
35
45
57
60
54
43
40
44
56
66
68
68
66
59
57
68
71
60
51
43
38
28
27
26
34
49
52
41
38
43
44
44
40
32
25
22
28
38
37
48
54
54
54
56
51
44
57
77
83
64
43
37
40
44
41
29
20
12
20
36
54
52
34
34
48
57
53
43
42
48
50
55
60
56
52
50
45
40
36
23
7
1
5
20
29
32
25
28
39
53
72
83
64
38
20
8
11
21
20
18
16
17
24
36
50
59
65
70
81
85
74
54
37
33
37
40
36
39
41
41
39
36
41
48
42
33
22
22
35
51
53
41
32
34
41
37
29
37
44
45
38
34
38
43
48
48
42
36
33
35
36
33
37
48
51
50
45
50
48
41
42
51
53
61
75
80
82
82
81
80
69
58
52
49
50
56
56
48
28
18
20
32
45
54
50
53
60
70
70
59
42
28
24
27
35
39
35
24
20
17
16
27
44
57
55
41
24
12
26
49
54
50
42
60
90
108
104
84
64
55
56
68
73
61
45
32
17
11
21
33
35
37
44
55
69
74
72
61
52
49
49
38
26
24
27
32
36
38
37
41
44
42
39
42
51
48
48
54
59
51
33
27
36
42
54
60
60
65
67
57
51
58
69
69
66
54
54
65
66
52
44
50
57
66
75
86
85
68
52
51
61
60
52
51
53
38
12
-4
-7
-6
1
10
18
21
21
20
21
24
33
37
41
58
71
75
84
88
85
72
59
58
64
56
50
43
39
42
56
65
57
44
39
51
67
72
69
54
41
43
48
38
26
20
18
18
19
24
33
41
49
53
60
60
44
21
10
24
41
41
35
38
45
42
27
18
18
24
35
35
41
59
76
83
86
84
65
41
26
16
0
-3
10
25
33
45
57
57
50
37
40
40
28
20
17
12
19
32
42
43
42
42
37
26
28
42
60
69
73
75
73
67
54
44
43
48
44
39
37
28
19
18
25
34
36
32
24
23
28
35
37
42
44
43
55
67
60
48
37
34
37
42
43
39
28
27
35
43
50
56
65
65
52
39
29
35
38
37
39
43
44
37
35
42
59
70
71
58
54
64
70
71
69
67
77
103
109
90
59
36
37
40
37
22
9
11
22
35
48
59
74
89
98
98
85
66
41
32
32
33
39
50
52
37
24
24
29
39
40
39
38
43
59
68
68
60
53
49
52
56
60
59
51
41
42
64
80
74
61
56
58
64
66
70
68
56
49
39
40
51
58
58
60
67
60
60
76
93
90
75
59
45
29
22
26
35
42
50
55
57
58
59
59
51
34
21
20
17
9
11
24
38
37
36
42
49
51
44
33
20
22
36
41
40
33
32
38
44
48
48
41
34
27
20
12
11
23
25
19
25
41
44
42
38
36
39
45
49
43
34
25
28
34
37
44
57
72
85
82
65
48
37
32
28
35
26
11
17
36
48
50
48
35
20
21
39
53
44
29
26
