43
38
38
40
37
37
43
50
53
57
59
61
64
60
66
74
86
93
89
71
48
39
43
44
48
50
48
42
44
45
40
34
36
43
49
42
34
33
44
60
72
83
81
68
58
50
40
41
51
58
59
57
56
52
48
49
48
44
42
36
28
41
58
71
82
84
75
64
51
44
34
29
34
35
36
35
38
48
41
24
21
25
26
28
40
44
42
43
51
55
56
55
54
57
55
49
43
37
32
36
53
68
65
44
35
48
66
59
36
11
9
33
51
50
48
44
45
40
34
36
39
43
51
52
59
66
69
71
68
65
73
85
92
88
74
65
60
66
72
69
57
43
37
40
54
66
72
75
68
49
35
38
56
58
40
23
21
37
59
64
51
23
-1
-4
10
25
27
34
41
45
50
60
68
67
58
49
40
36
32
23
17
21
26
34
50
75
84
69
53
43
42
45
51
42
20
11
19
27
35
41
52
58
52
32
20
22
28
39
38
43
70
87
77
61
49
48
51
48
34
25
32
40
39
33
32
39
53
59
55
53
53
50
51
52
51
53
56
66
73
66
48
34
25
20
16
12
16
19
21
32
32
19
9
17
25
24
20
17
18
34
55
74
76
61
55
60
65
61
48
34
37
45
51
53
56
51
35
26
32
40
49
48
39
33
32
40
44
48
48
48
49
43
38
38
43
52
55
54
48
40
36
43
56
56
50
41
37
34
38
54
66
61
59
57
53
53
43
26
12
11
20
25
41
64
73
61
49
40
36
36
38
43
43
24
4
-8
-5
4
16
22
17
-1
-8
-4
4
11
23
33
36
39
38
33
28
27
22
21
39
69
80
59
43
39
33
38
36
25
26
57
90
102
91
90
97
99
97
90
84
75
65
49
40
51
65
74
89
90
77
74
71
67
75
82
75
80
86
88
82
67
60
68
74
70
52
34
25
24
33
41
45
42
29
26
37
44
45
40
33
32
34
37
38
36
42
71
91
83
64
60
69
72
80
90
88
68
51
44
44
33
2
-25
-20
7
40
48
32
21
24
37
49
52
44
25
16
28
54
73
58
37
49
70
69
53
51
72
99
101
87
80
96
120
130
125
123
120
118
125
136
129
117
107
117
140
145
120
100
105
134
155
153
121
90
90
102
100
73
54
54
66
69
69
73
74
82
82
70
64
64
66
57
54
58
58
48
39
36
38
44
58
73
72
66
72
80
74
59
41
39
42
39
36
25
17
10
11
17
22
23
23
21
17
19
24
27
19
5
8
12
2
-13
-14
-8
-7
-6
-10
-3
6
18
21
19
11
5
9
18
17
9
5
3
-2
-8
-5
3
6
9
23
39
40
41
60
72
71
64
58
57
44
34
27
32
35
33
21
18
33
51
51
41
36
42
45
29
8
1
5
5
-7
-19
-22
-25
-11
4
20
33
41
42
32
11
2
5
19
29
26
17
11
11
24
37
35
27
26
33
23
16
16
11
8
12
27
44
52
44
27
7
-2
-1
8
20
27
35
35
33
26
24
24
32
37
36
37
37
36
44
56
51
48
54
49
27
7
1
4
11
20
12
8
21
34
33
26
20
19
27
39
50
60
60
58
55
54
51
54
53
48
41
36
36
45
55
53
42
45
55
50
29
16
17
22
28
48
69
80
65
54
43
33
26
33
44
52
49
48
43
41
40
41
48
53
56
52
50
49
56
55
43
35
29
23
12
11
29
56
71
65
51
52
73
99
105
90
77
82
85
77
64
51
53
68
72
66
60
69
77
67
41
29
37
42
36
23
6
0
8
23
37
56
68
64
51
36
33
34
32
35
39
40
50
66
61
44
37
35
28
27
34
34
28
24
21
28
42
51
51
52
57
67
71
58
41
39
45
48
43
43
40
28
17
10
23
53
72
69
56
41
33
22
19
33
42
39
34
26
33
41
49
44
45
52
57
61
57
43
40
51
54
51
45
39
40
54
70
70
64
56
67
73
60
44
34
21
6
2
8
22
41
51
51
40
21
17
35
52
32
-5
-10
12
44
66
76
82
74
66
59
54
42
34
25
28
38
49
57
59
51
40
34
29
36
44
54
56
55
55
48
49
58
65
54
52
56
54
45
44
51
51
44
44
49
44
43
44
44
48
59
80
81
69
60
60
59
60
60
60
58
53
52
54
54
49
40
34
39
51
44
36
42
61
81
91
90
77
77
102
119
114
102
87
72
66
65
64
51
42
48
44
33
20
20
24
28
26
23
33
39
39
41
50
57
68
70
64
51
37
28
29
35
38
41
40
33
34
44
53
45
41
55
65
70
65
54
50
53
53
55
65
75
82
74
53
27
23
39
54
64
65
60
56
43
33
40
54
57
51
54
60
60
59
65
66
