36
39
37
34
36
40
45
48
44
32
20
26
40
52
57
59
59
53
48
51
55
59
61
68
74
71
60
49
48
55
64
61
55
51
57
67
64
68
74
73
67
64
57
52
57
69
77
85
82
74
75
87
87
73
61
60
58
52
44
39
32
34
43
56
66
60
56
49
43
40
34
32
36
48
55
52
41
42
51
53
44
40
48
59
71
85
93
90
80
61
44
40
42
50
54
51
44
44
51
53
54
59
59
60
71
83
87
75
53
42
43
41
35
33
39
43
42
41
40
37
32
27
23
26
35
40
44
49
50
51
50
50
51
44
37
40
57
75
76
59
40
36
40
49
51
48
37
33
38
48
57
67
76
87
90
89
85
76
55
37
27
29
41
48
41
33
23
12
11
12
13
25
38
37
34
42
55
66
67
68
81
83
70
49
22
6
16
35
43
42
38
33
26
24
32
41
43
44
50
60
77
85
82
74
58
41
41
43
38
38
48
61
71
68
56
50
50
49
42
40
40
41
36
22
25
42
52
49
43
38
29
24
22
26
42
64
74
70
54
33
32
59
84
73
52
33
16
7
9
21
26
34
44
51
45
49
50
53
61
71
72
68
67
64
54
49
53
56
58
65
60
42
21
16
32
53
70
70
60
50
41
40
41
38
38
39
35
26
32
27
13
3
11
32
40
50
44
28
21
19
21
21
20
18
16
27
50
68
74
75
82
87
85
68
39
17
11
26
52
61
49
29
23
26
39
55
65
67
66
51
27
11
13
27
36
32
22
27
44
59
55
38
32
34
33
22
17
20
34
51
57
52
36
29
44
60
64
56
55
50
38
37
40
41
43
44
51
57
69
71
64
56
53
51
54
65
68
66
54
48
57
73
75
68
65
57
49
49
55
59
59
51
39
35
34
41
51
49
44
43
49
56
64
66
71
69
67
69
67
64
57
57
71
85
89
85
76
71
71
73
75
72
67
60
56
40
25
27
41
55
60
66
81
83
74
66
57
59
81
89
73
56
59
81
75
49
24
21
33
35
32
35
42
49
53
64
71
71
59
42
20
12
16
19
26
39
42
42
39
34
28
41
55
52
35
22
11
13
24
28
25
21
23
35
44
45
39
32
29
48
72
90
99
91
87
82
68
54
45
38
26
22
24
26
26
32
32
25
25
36
39
29
23
21
28
43
56
57
54
49
44
44
51
57
57
56
64
67
64
50
35
26
32
48
61
67
58
52
49
43
40
39
38
27
13
6
7
17
33
42
50
57
64
70
71
69
68
55
48
51
55
51
42
43
41
32
24
33
48
58
68
74
73
64
57
55
51
38
22
13
20
24
22
21
24
27
27
26
27
27
29
25
21
19
10
5
4
8
16
24
33
33
34
43
54
58
72
91
88
73
65
59
52
49
51
53
58
56
54
60
68
77
86
83
68
48
35
25
19
17
11
8
17
34
48
53
44
32
27
39
52
53
48
43
32
11
7
20
42
54
54
54
64
65
58
57
64
60
51
40
33
26
17
7
11
23
26
26
32
28
32
40
56
67
67
68
68
72
70
58
54
59
59
55
48
48
56
60
59
58
60
64
56
52
64
76
81
81
74
69
57
41
26
10
4
16
28
36
33
25
24
37
56
74
84
80
67
59
66
64
58
55
44
29
21
17
22
37
42
39
34
49
74
82
58
36
35
39
35
28
28
39
48
42
37
32
33
42
44
36
34
44
58
60
52
41
32
25
33
42
54
56
51
48
44
49
51
54
55
53
44
41
38
34
33
43
66
74
70
59
58
64
67
68
71
72
68
60
56
55
54
51
39
34
42
58
67
58
52
52
57
60
54
41
40
55
68
65
45
35
39
50
55
65
73
75
70
69
70
68
59
51
44
53
57
61
58
43
24
18
26
43
52
52
40
21
13
28
42
42
37
32
26
23
25
21
11
6
11
27
34
35
40
44
48
45
50
53
68
85
90
81
58
55
58
52
43
43
42
41
34
27
35
50
59
60
51
36
32
36
43
43
33
21
18
26
43
59
64
57
51
50
54
48
26
22
35
48
58
67
70
65
60
60
59
57
64
69
68
54
36
22
18
19
22
34
43
42
35
27
33
38
48
48
42
43
54
56
51
53
68
80
85
83
70
52
36
36
50
60
73
82
71
54
48
44
43
38
38
35
34
40
42
42
41
41
36
33
34
35
42
50
36
11
-10
-25
-19
2
12
20
25
28
36
42
54
65
58
49
50
56
55
50
48
49
56
61
58
52
54
52
38
24
24
33
36
33
27
42
68
85
76
52
28
18
6
-2
-1
8
13
22
26
34
37
40
51
68
82
86
80
68
64
71
82
85
