41
42
39
34
40
50
43
24
4
1
6
10
11
7
1
5
19
35
42
34
18
16
35
51
49
48
44
41
39
40
52
67
71
60
50
48
57
72
61
37
27
36
50
53
55
65
74
71
65
54
49
48
51
56
59
56
50
51
50
43
44
41
42
49
42
36
36
34
34
40
51
45
38
35
38
49
52
49
45
48
48
43
44
52
59
59
53
40
28
34
39
36
25
18
5
1
4
6
12
28
38
28
19
19
27
48
67
75
69
55
44
42
42
40
37
40
42
39
26
27
37
45
51
49
50
49
40
40
50
50
42
35
32
22
23
38
40
25
19
24
34
37
39
49
65
86
104
112
99
82
66
55
59
60
45
25
7
-3
-2
9
32
57
76
75
65
68
90
101
92
81
69
59
44
25
24
33
39
43
41
38
35
32
34
44
52
53
65
86
92
81
66
67
82
85
75
68
59
45
33
25
27
39
48
41
38
48
59
69
65
51
41
48
58
60
50
36
26
21
19
17
19
25
35
37
37
44
60
65
54
49
52
56
65
61
44
25
11
11
18
32
44
55
59
56
44
40
37
43
53
52
43
38
35
40
54
54
43
42
52
52
41
40
42
53
68
66
59
60
58
51
42
42
53
52
41
24
10
17
26
43
60
69
66
56
51
44
53
64
70
68
66
66
65
71
82
75
61
39
19
19
35
49
50
52
51
52
53
45
38
36
33
22
6
-3
-4
-2
4
11
27
48
64
74
80
72
55
45
42
37
29
26
23
21
33
44
52
44
44
57
69
68
57
43
34
28
28
36
44
50
54
61
55
38
26
26
38
53
67
70
58
43
41
49
50
49
42
37
38
42
43
41
35
26
26
28
36
40
44
50
64
71
71
71
73
81
86
82
69
50
34
36
48
54
56
54
52
45
36
29
34
38
35
34
44
50
48
42
28
11
1
-1
10
26
34
35
34
24
26
38
50
54
52
45
41
38
42
49
42
40
44
55
60
56
38
24
32
37
34
24
10
11
35
51
49
43
48
54
52
38
25
28
41
59
69
56
41
36
42
51
55
53
44
54
81
98
91
76
66
52
42
42
41
41
45
57
68
68
68
69
60
57
64
71
74
56
34
27
39
55
65
61
49
35
27
36
66
87
80
65
64
61
53
37
22
18
23
35
36
37
38
35
38
43
44
43
41
43
51
60
67
57
41
28
32
41
49
49
51
57
59
57
55
50
40
35
40
42
36
24
32
54
56
43
44
66
82
80
73
64
52
52
55
57
57
68
86
99
97
89
83
65
42
28
26
26
23
22
25
41
64
75
73
70
67
65
56
49
41
41
56
74
83
88
88
86
85
80
70
65
60
53
41
33
33
36
34
33
27
18
22
48
68
69
53
43
44
51
57
68
74
65
54
60
69
68
69
61
52
49
60
76
83
82
72
65
55
45
37
26
19
12
8
6
5
11
19
26
38
49
52
48
51
60
65
58
57
66
70
71
69
59
52
43
34
23
17
23
43
59
54
42
38
38
33
27
26
24
17
-1
-12
-12
-8
-4
7
19
27
33
33
37
48
59
68
64
57
56
64
73
84
87
89
84
69
55
53
54
49
40
38
39
35
32
24
18
7
-4
-10
-11
-5
8
16
12
8
7
11
18
25
28
22
13
12
19
27
34
36
40
48
41
27
22
34
43
43
38
50
70
89
86
74
75
91
99
81
55
48
44
37
39
56
71
74
67
60
61
64
53
27
17
26
28
25
28
35
35
32
27
26
23
22
32
45
56
52
41
34
33
36
52
59
54
39
19
11
24
38
44
42
41
49
51
39
35
53
80
96
86
59
42
38
39
41
38
24
19
23
28
37
49
58
65
66
60
52
50
49
51
53
53
53
64
70
68
66
65
67
72
64
40
32
41
57
57
39
25
33
48
57
53
41
34
24
20
18
13
13
26
38
39
37
33
23
17
22
38
51
53
49
40
37
38
38
43
55
64
58
64
74
69
42
32
40
56
59
55
51
52
55
58
66
74
76
80
74
59
41
38
48
54
57
65
72
81
84
85
72
56
48
48
54
67
71
57
38
28
38
55
59
41
35
40
42
26
10
10
23
37
43
48
49
48
41
38
50
60
66
59
52
44
39
33
28
40
64
72
58
48
49
48
38
33
36
36
37
42
51
51
48
51
54
49
36
34
42
52
61
75
86
81
72
75
74
58
40
32
37
50
54
52
43
29
21
21
25
37
41
32
16
3
-6
-2
11
19
10
20
36
40
38
37
44
60
76
81
70
58
53
38
28
34
49
65
70
58
41
41
51
55
58
56
51
42
34
34
43
54
56
50
41
37
38
38
32
17
3
-1
0
9
