-7
-4
6
19
21
13
8
13
25
37
39
34
20
6
2
11
24
23
10
12
27
36
40
41
38
29
28
34
42
51
48
44
41
37
44
49
44
48
51
57
65
72
74
69
52
34
34
50
67
70
66
59
59
61
65
59
58
59
53
45
44
50
52
59
69
66
49
41
48
55
57
51
52
64
69
74
71
60
55
56
55
53
59
73
76
65
44
39
54
68
69
72
84
92
84
71
71
84
97
91
84
85
89
84
66
54
50
50
51
42
28
25
35
42
37
27
22
29
43
56
55
48
54
69
76
72
73
80
67
52
56
60
55
52
55
57
56
54
55
65
69
64
58
52
48
44
40
38
40
49
52
52
52
55
54
53
48
38
33
33
35
42
42
28
6
-8
-11
-3
6
18
27
34
37
41
44
50
49
49
50
53
58
66
59
41
21
9
8
9
20
35
36
33
33
32
34
43
56
65
54
35
39
61
76
85
88
80
68
68
74
75
72
71
74
81
83
86
88
90
84
68
53
50
49
41
34
28
25
20
20
35
49
53
42
28
19
17
19
22
19
9
2
3
6
4
-4
-5
1
13
42
61
65
58
55
51
53
54
54
55
56
55
60
66
65
68
70
58
50
39
24
21
23
25
21
13
20
41
61
68
64
56
51
52
68
82
82
73
59
56
58
66
69
60
53
56
68
68
66
60
51
44
52
56
49
33
25
42
69
84
86
88
91
85
68
54
53
67
80
83
80
69
51
39
42
50
48
39
34
29
37
42
43
42
35
26
28
49
72
86
83
66
52
51
65
76
71
57
57
59
54
48
52
60
67
61
48
26
9
9
21
34
36
21
-2
-21
-17
8
27
38
38
29
22
23
26
28
26
22
23
27
27
28
33
32
33
38
39
37
44
53
54
43
35
32
33
33
36
37
33
33
35
41
50
53
49
34
25
25
34
38
41
45
52
57
55
58
68
74
72
57
48
37
36
37
27
22
33
38
28
29
44
51
52
53
59
65
54
36
23
22
24
26
28
26
26
33
40
53
60
54
39
32
26
23
20
20
11
5
5
6
16
24
29
33
41
57
75
86
84
68
54
55
56
56
54
51
52
52
44
40
51
69
83
82
68
50
41
41
57
80
85
74
56
48
45
54
67
68
66
68
66
67
70
74
73
71
66
54
45
49
54
66
71
73
68
57
55
51
49
60
71
66
48
20
0
-1
18
34
34
26
24
34
44
51
56
55
52
45
40
40
44
50
48
42
45
48
50
51
45
38
32
36
45
56
55
50
39
29
27
35
49
55
52
52
65
73
76
76
67
42
28
27
39
52
51
38
35
49
57
51
42
48
54
67
76
83
83
76
59
43
37
24
24
33
33
37
56
71
72
66
55
48
43
50
57
64
60
50
42
50
56
54
45
40
41
37
28
20
16
13
16
23
36
49
51
43
38
41
55
64
59
53
58
76
85
70
54
50
52
57
65
68
61
49
36
35
49
56
57
54
43
35
40
48
53
60
56
37
26
32
24
9
-6
-12
-7
-4
4
18
27
33
27
23
25
36
41
34
25
27
28
32
27
22
20
36
55
72
74
65
55
60
65
57
51
38
28
20
21
28
36
38
38
26
17
18
28
44
55
44
34
33
32
23
26
27
27
37
48
56
56
50
41
44
60
83
86
75
64
60
67
83
89
82
70
55
48
44
41
41
50
57
60
60
50
37
33
33
27
19
22
32
42
51
51
37
23
19
23
36
42
43
51
50
29
16
20
33
50
55
38
11
-2
-5
4
19
20
19
17
18
41
69
68
39
19
17
25
39
39
28
9
8
25
43
59
76
83
84
77
71
61
52
41
38
34
36
40
48
56
58
54
48
49
56
57
53
50
41
28
26
36
41
36
21
18
25
33
29
20
19
39
67
76
72
64
67
75
76
66
55
59
65
55
44
41
51
60
61
56
50
42
39
38
36
40
53
53
48
48
49
44
40
36
33
24
19
18
17
20
33
44
51
52
49
53
57
53
53
61
70
69
58
59
70
69
64
61
59
58
51
38
41
66
87
87
77
84
96
97
89
74
64
65
69
61
51
40
41
49
58
76
86
82
75
69
59
51
50
64
80
81
65
57
64
72
85
87
73
52
39
50
57
58
54
52
56
57
66
69
68
61
56
56
64
76
87
82
70
75
74
73
83
81
69
74
87
85
73
59
52
56
60
52
40
38
36
34
36
37
40
41
40
44
39
25
18
26
36
19
2
4
18
34
35
28
23
23
33
41
54
67
70
74
77
84
81
60
43
41
51
55
49
34
25
22
20
28
60
84
72
65
66
60
52
40
36
32
26
33
49
61
57
42
49
57
49
32
20
