67
68
57
42
33
28
28
26
22
21
29
40
43
43
43
48
45
51
56
59
54
43
36
43
57
66
58
50
56
67
72
74
73
58
39
29
37
52
64
60
54
54
54
57
69
75
65
37
19
17
20
23
29
38
35
28
32
28
33
50
67
74
76
72
68
68
69
64
54
50
50
55
49
29
32
54
80
92
88
60
43
54
69
74
64
39
17
11
25
45
64
74
82
84
73
64
61
65
57
44
35
32
32
33
42
55
60
58
53
50
42
32
32
40
58
68
65
58
54
41
34
28
33
32
23
18
22
22
24
29
32
28
37
50
52
34
21
26
40
57
71
67
48
35
32
32
35
38
39
42
49
43
37
38
50
74
88
82
58
44
51
58
58
52
45
45
49
45
42
33
23
34
49
51
43
40
53
76
89
80
59
52
51
55
54
49
48
44
39
36
35
37
40
48
52
55
56
52
49
53
57
55
43
35
39
49
56
58
48
38
40
45
52
48
34
23
32
38
45
55
56
48
42
53
58
52
37
27
29
38
42
41
43
41
34
32
35
40
45
44
42
48
50
50
49
42
37
38
39
39
42
43
33
25
33
48
59
61
60
65
60
49
42
48
54
59
59
49
27
21
28
44
49
42
48
55
52
40
35
23
8
9
17
20
17
12
18
33
35
23
16
10
11
18
19
12
5
5
16
26
32
34
42
44
23
1
-6
0
8
16
18
18
16
20
26
36
50
61
66
69
69
56
39
39
45
53
68
77
81
76
70
67
74
91
92
82
73
68
56
51
55
48
36
35
33
39
61
74
67
51
41
36
39
39
33
32
33
25
17
11
8
5
8
26
37
28
32
43
56
58
65
65
45
1
-40
-30
21
54
40
18
20
33
32
39
58
67
54
32
11
8
21
36
49
55
64
64
42
17
5
23
57
74
70
58
41
29
28
37
44
55
70
80
80
85
88
88
89
89
86
81
82
91
93
83
72
72
85
99
114
124
129
108
74
45
38
55
72
76
71
59
55
53
58
72
76
65
52
51
60
76
98
108
103
84
58
49
59
70
70
57
36
22
20
36
50
56
67
76
80
73
64
51
43
52
67
76
68
53
48
45
45
41
37
39
43
49
50
49
55
64
59
51
33
18
18
28
39
43
50
53
50
52
54
51
50
53
53
48
45
44
43
34
24
33
37
41
49
56
64
64
52
35
23
29
39
37
23
8
8
18
26
35
39
45
51
41
25
16
18
24
25
25
23
32
48
55
53
50
52
52
43
37
26
20
12
7
13
27
40
50
49
37
25
24
23
27
27
10
-7
-10
-6
5
24
42
53
58
57
54
50
41
32
21
25
45
68
69
44
22
17
20
24
32
25
8
-5
-8
-8
-4
21
50
45
21
9
19
38
52
55
51
41
45
55
56
56
68
73
61
51
53
66
65
51
39
37
50
66
68
70
56
28
16
21
38
51
58
55
50
51
52
49
50
54
50
36
28
38
43
43
42
40
34
33
44
51
42
28
23
27
35
44
54
56
49
41
34
28
33
39
42
40
33
20
12
17
32
49
61
71
71
64
60
60
53
37
28
26
36
55
66
58
56
56
53
51
52
55
49
45
48
44
42
37
34
35
44
55
59
55
48
44
54
66
76
81
71
57
56
61
60
52
53
64
68
70
71
58
41
48
54
42
33
36
45
56
75
91
90
82
69
58
55
51
50
59
61
51
42
44
55
69
80
73
67
61
51
42
50
67
77
69
51
39
35
24
17
22
37
45
44
41
38
48
70
85
77
59
44
34
34
41
51
52
40
27
28
39
44
41
39
42
48
48
41
37
44
50
26
-1
-2
10
18
17
19
27
42
55
67
64
42
27
39
56
64
59
42
26
39
56
52
39
32
19
9
19
27
42
64
69
66
58
50
49
56
61
67
75
80
74
71
59
40
35
37
27
19
16
20
28
49
59
68
65
48
38
41
39
24
11
9
19
33
51
66
68
52
36
40
55
60
44
28
34
43
43
40
34
21
19
26
53
81
98
100
76
60
66
73
71
57
43
38
42
42
48
51
44
33
33
39
52
69
80
75
54
38
41
55
66
66
64
53
44
43
42
43
51
59
55
39
25
22
34
34
19
-2
-8
0
8
8
11
12
8
10
20
28
41
45
44
40
38
38
44
67
83
75
65
55
52
58
67
70
80
82
75
65
66
70
64
49
40
44
56
64
65
72
84
87
77
66
59
60
64
54
34
13
11
17
26
39
55
56
44
50
69
80
70
53
50
44
27
25
43
68
84
84
68
53
56
58
48
32
20
18
23
34
42
49
49
42
34
25
28
40
51
53
44
38
37
48
61
61
48
33
33
38
