56
50
37
34
34
37
43
60
75
85
85
76
57
39
42
45
41
39
41
53
64
59
58
55
49
41
40
48
55
59
67
67
59
39
8
0
21
43
55
55
49
49
59
71
86
102
103
85
59
37
13
2
4
13
35
56
56
36
18
17
24
29
22
8
-3
-2
2
10
11
4
-1
3
4
2
6
19
24
25
34
44
51
44
35
26
33
39
41
41
41
41
53
73
97
105
101
86
71
58
49
42
48
57
65
58
60
73
83
86
83
73
70
69
66
52
40
38
40
51
58
58
44
25
24
38
55
65
65
59
60
68
70
67
51
37
34
34
25
25
29
36
42
64
70
68
58
40
22
21
39
60
71
57
49
64
88
101
88
60
39
35
44
67
75
65
49
41
49
49
51
59
54
36
28
36
38
36
34
26
25
27
24
19
34
56
60
54
38
24
18
13
12
8
5
9
19
27
42
57
75
89
98
91
71
52
40
37
28
33
53
68
69
77
98
106
102
85
54
36
40
50
42
34
33
32
32
40
52
54
43
28
24
33
52
69
70
68
52
35
20
13
22
34
33
23
21
9
-1
-3
-1
19
40
42
32
20
17
27
51
57
42
25
19
23
39
54
57
58
52
36
24
24
22
21
17
10
12
32
60
85
91
88
72
58
64
82
96
92
76
51
34
32
38
39
26
5
-4
5
24
38
40
33
37
54
72
77
66
44
36
41
54
67
66
52
41
51
80
103
99
73
49
42
58
65
56
48
43
44
52
59
64
60
60
67
71
66
55
37
13
6
23
51
65
60
54
35
19
16
33
50
64
72
74
70
68
76
86
76
59
44
35
33
41
49
41
28
26
29
37
40
53
73
83
69
52
48
52
53
54
59
66
67
56
56
59
55
49
52
65
81
90
77
49
21
7
8
22
39
52
43
34
29
33
28
26
35
43
53
56
43
23
12
12
28
40
26
-4
-26
-21
-9
4
35
73
93
85
58
40
49
68
70
51
26
20
34
50
55
56
54
51
43
40
44
50
40
20
11
25
39
48
50
43
37
33
32
40
55
57
51
42
40
49
67
71
55
42
43
53
53
34
12
11
34
57
69
71
72
71
68
59
48
28
26
45
70
77
65
51
54
56
59
70
77
81
71
60
55
60
73
59
29
18
36
55
58
51
36
26
37
58
69
64
55
59
60
43
25
24
41
48
35
29
34
40
51
56
52
42
32
35
48
49
44
41
36
35
48
53
50
43
43
49
40
21
16
35
50
48
33
13
1
-4
1
12
23
27
26
22
25
38
48
43
39
27
18
17
22
16
8
18
38
48
45
50
51
45
48
49
42
36
35
40
42
37
29
20
19
41
68
72
53
37
35
39
39
33
27
33
37
38
43
54
53
56
61
53
35
28
39
48
52
42
24
18
32
59
85
90
80
72
83
90
92
90
73
53
32
9
11
36
54
49
32
19
13
25
49
66
65
49
25
9
17
44
73
81
76
69
57
42
34
36
41
34
22
13
12
16
22
29
37
44
55
57
44
23
2
1
12
32
45
52
52
53
44
32
38
60
75
70
54
39
33
33
37
41
42
54
81
98
98
86
83
82
64
43
36
35
39
45
52
56
58
67
75
86
92
88
83
90
96
85
72
68
60
54
50
44
41
43
58
74
70
53
56
72
69
51
45
50
50
51
45
38
35
34
38
41
35
29
36
43
51
56
58
60
55
49
43
50
53
50
41
38
39
43
51
51
43
42
51
65
66
58
51
39
37
44
56
60
48
24
19
35
56
67
69
60
45
33
34
43
57
70
75
76
74
68
67
71
74
76
71
67
68
65
56
43
26
19
21
24
38
54
53
48
58
88
103
92
76
68
69
70
68
58
52
56
57
53
52
57
67
66
60
60
66
67
67
71
66
52
43
50
55
58
58
54
36
16
19
37
56
72
72
59
48
41
42
42
36
32
24
18
19
22
18
10
9
3
-4
-7
-2
8
29
50
59
58
44
35
33
39
49
40
24
12
20
39
56
59
49
34
27
27
40
43
38
29
12
-3
-1
22
37
28
19
17
24
28
25
20
10
5
4
10
18
23
35
57
72
70
52
35
35
36
34
43
53
51
38
21
22
38
57
83
100
86
53
28
24
36
45
54
68
82
86
69
49
43
52
66
83
82
66
51
42
49
59
60
59
67
67
53
39
33
39
44
42
41
45
49
53
53
56
59
66
60
51
39
19
18
33
53
64
56
55
73
87
89
81
65
56
56
53
38
23
19
19
27
37
53
83
108
101
61
32
24
35
40
36
34
44
59
64
53
49
51
55
57
52
38
27
22
25
36
50
56
55
56
64
55
40
35
39
50
51
36
20
