64
66
80
66
32
7
11
37
57
54
38
42
64
76
82
83
87
89
77
57
39
34
43
54
43
32
25
27
28
33
43
54
61
75
82
67
53
52
51
40
27
28
39
44
40
32
27
28
37
54
57
48
36
39
50
64
74
65
36
17
27
45
57
55
41
34
32
35
48
55
50
49
68
73
50
18
6
10
22
39
53
59
65
65
56
48
43
56
68
60
42
26
25
37
55
57
37
21
16
25
43
57
59
56
51
52
50
38
45
71
82
71
51
38
35
37
49
66
77
86
88
84
82
88
83
65
53
51
48
39
28
20
21
27
35
41
42
28
26
50
73
85
72
53
38
25
16
23
37
35
28
27
32
32
27
40
56
70
76
74
59
41
27
24
35
48
41
22
-1
-21
-21
-5
6
9
7
12
18
8
-5
-5
13
36
38
29
38
43
32
20
19
28
41
44
37
26
20
7
7
26
54
77
84
83
68
52
55
68
74
77
74
57
36
23
33
37
33
25
18
8
9
24
42
50
49
54
69
80
70
45
22
12
20
29
38
36
21
12
12
23
42
60
75
73
66
64
53
33
12
12
22
41
66
75
76
80
83
80
59
40
35
40
40
35
34
32
40
54
58
59
69
85
90
74
53
38
37
38
39
42
56
71
83
86
86
76
64
51
44
45
51
58
71
80
68
49
32
25
32
35
40
50
56
50
39
35
38
41
40
39
40
50
52
38
19
22
39
55
55
50
51
52
36
6
-17
-9
22
43
40
32
27
25
21
22
22
19
20
22
19
10
19
41
57
57
50
41
41
51
68
84
89
75
68
68
72
71
59
38
25
32
44
58
53
38
38
49
56
67
69
56
41
41
56
69
58
33
18
34
49
44
43
45
41
34
27
21
18
18
25
35
43
51
54
52
48
44
51
66
86
102
105
91
66
39
29
41
56
59
49
32
36
56
69
60
43
39
49
60
69
55
35
29
38
53
65
55
34
7
2
12
24
26
19
9
10
18
17
10
10
25
43
53
45
27
20
26
38
48
52
48
39
42
55
57
50
48
69
90
90
68
50
53
66
74
72
60
49
43
51
58
72
80
74
69
67
61
58
69
74
70
56
43
53
82
100
99
82
66
43
24
20
27
27
7
-3
-4
-8
-2
13
18
10
11
9
5
-4
-24
-38
-26
-2
16
23
16
1
0
17
26
27
28
29
35
48
54
42
34
34
40
52
52
43
34
34
60
90
92
65
43
57
66
59
54
48
43
41
41
43
42
42
44
50
56
55
60
73
84
85
69
45
27
21
20
6
-17
-23
-21
-8
10
28
39
41
41
43
49
56
66
57
43
51
74
81
73
74
77
77
97
121
137
138
120
99
100
123
130
104
82
69
61
52
43
40
42
57
68
66
59
52
44
49
56
67
73
76
75
66
53
41
36
32
26
28
40
59
69
58
43
42
51
66
72
70
59
57
64
70
82
84
64
36
23
34
56
69
58
44
37
44
55
50
36
32
40
58
70
72
60
49
42
38
36
34
35
40
38
36
41
59
80
80
68
61
60
58
60
59
54
45
38
36
36
33
44
64
70
67
61
61
53
50
64
74
68
57
43
38
55
74
77
60
51
53
53
44
39
36
32
41
66
70
59
50
44
48
45
45
38
39
58
74
76
73
67
55
51
56
56
55
53
40
26
25
44
72
89
86
65
45
38
49
52
36
28
39
45
48
55
64
57
52
55
68
83
85
67
42
37
40
42
53
69
70
59
44
33
25
36
54
67
58
34
6
-1
10
23
23
22
22
18
11
16
21
32
37
33
33
39
49
66
69
53
28
20
23
25
25
24
29
40
49
44
44
54
58
58
58
64
66
66
65
52
36
37
65
98
116
108
89
80
69
50
34
32
40
48
51
43
35
37
42
54
69
68
61
54
45
43
43
42
41
36
19
16
34
53
64
57
56
58
56
54
53
56
54
48
40
22
-1
-4
10
26
37
42
48
33
12
9
11
17
21
18
10
17
27
35
28
23
27
32
22
11
7
3
7
18
27
25
16
12
39
69
67
42
24
24
37
43
38
24
25
32
40
56
68
73
72
72
72
69
67
59
58
64
65
51
34
32
48
67
76
76
67
52
41
48
60
72
67
53
45
51
54
64
75
84
87
85
68
53
54
68
77
71
51
39
45
59
73
74
70
72
76
65
40
28
24
10
-3
-9
-9
-6
4
22
41
54
52
40
42
44
40
34
32
40
54
72
84
74
57
45
38
35
38
36
35
40
39
38
41
49
43
45
51
48
38
26
16
5
7
22
36
41
41
44
56
56
41
21
18
23
28
34
33
27
36
51
59
67
71
72
70
58
45
38
39
43
37
26
23
22
