11
-4
-8
-1
16
25
28
17
-7
-18
-3
34
51
41
32
33
35
29
44
65
59
48
39
37
34
20
12
34
75
102
86
51
40
82
134
156
146
114
103
105
96
87
70
52
48
50
55
44
23
5
12
20
8
-10
-25
-26
-28
-42
-41
-23
-24
-42
-42
-38
-70
-105
-97
-78
-42
1
4
-6
9
23
24
22
36
55
56
29
12
8
5
20
48
71
76
57
32
5
-13
-26
-23
-1
28
41
38
48
72
88
85
64
33
18
38
59
56
38
32
48
76
101
89
51
26
50
89
97
72
55
59
76
85
90
77
66
69
81
85
90
87
69
59
80
96
90
71
54
43
43
48
54
60
74
98
118
125
124
108
86
72
76
86
96
89
76
74
84
98
113
122
121
118
116
107
89
69
53
51
66
88
99
91
66
48
64
99
113
98
69
45
18
-1
6
21
22
19
7
-3
-6
-3
-3
-10
-8
3
12
26
42
54
58
54
38
22
17
26
38
27
2
-7
-1
5
2
10
27
40
35
19
7
4
20
39
49
44
41
37
39
48
55
54
55
57
53
41
34
28
24
32
42
48
40
22
1
-4
5
20
28
25
10
9
27
37
37
39
40
44
39
22
12
9
-1
-18
-14
7
19
17
26
37
28
25
41
54
50
28
9
16
58
112
123
104
72
68
98
128
139
137
117
97
89
81
69
70
73
75
65
38
19
18
49
81
83
64
49
61
89
100
85
69
56
44
42
64
98
115
114
114
118
114
88
64
49
40
41
50
52
50
41
33
37
50
58
58
56
50
48
51
67
93
106
86
50
28
37
45
27
7
8
21
32
26
23
19
22
41
57
58
51
35
21
11
18
39
55
56
39
20
20
36
48
44
37
32
22
11
17
45
74
61
25
1
-3
20
49
66
68
50
39
41
48
44
36
29
33
39
52
65
71
76
75
57
41
35
43
67
76
67
42
36
39
43
52
57
49
33
35
24
4
-4
10
39
59
58
48
27
-1
-20
-20
3
41
84
103
89
77
83
91
96
72
49
44
58
70
66
65
64
53
35
29
49
60
59
54
51
49
51
61
81
92
80
48
21
20
39
57
55
37
32
36
37
34
43
59
55
40
27
23
28
43
61
70
59
54
66
83
80
69
67
54
42
23
11
19
43
60
72
72
68
72
74
84
96
102
101
87
73
71
80
96
112
118
117
108
100
98
101
104
98
82
83
104
120
105
82
67
67
70
64
60
64
66
72
76
66
44
32
33
39
39
34
37
39
40
41
45
57
66
60
48
24
17
22
24
18
23
39
51
64
76
73
58
37
27
43
69
73
65
57
45
26
20
28
42
52
51
44
42
36
28
32
35
36
32
25
24
21
19
20
23
17
5
13
34
40
34
18
13
26
49
64
59
49
36
27
24
27
34
20
-3
-6
4
13
18
18
23
36
50
53
35
12
-7
-9
7
19
28
45
54
53
48
33
24
32
40
49
57
57
56
50
38
40
59
81
91
98
90
72
52
49
54
64
67
68
69
70
56
44
42
48
51
52
45
37
22
1
16
54
77
73
50
38
44
57
68
69
58
51
44
44
48
56
84
102
99
72
35
8
6
24
51
56
37
22
17
20
33
48
52
37
16
9
9
1
-2
0
0
6
23
40
44
35
34
51
70
73
65
50
48
42
26
10
8
13
22
34
37
35
28
28
35
44
49
43
42
48
45
38
41
56
58
51
42
38
40
42
49
52
43
35
34
37
43
41
43
53
40
22
8
7
24
50
58
52
39
35
29
34
51
56
51
49
45
55
77
100
97
68
40
26
34
51
70
76
69
56
43
41
42
52
53
39
23
17
23
56
83
92
96
103
108
101
97
105
120
123
121
117
112
117
134
147
136
117
108
105
90
72
56
53
61
60
56
55
57
59
56
49
40
43
58
76
83
77
73
76
87
85
75
72
70
73
70
65
69
82
100
106
98
86
92
102
92
76
71
71
73
87
90
84
76
77
84
84
70
56
58
69
74
71
64
57
59
57
49
41
48
71
92
90
80
68
60
53
60
85
88
80
66
54
51
53
66
77
85
70
44
33
36
48
48
40
33
22
17
8
0
5
9
-4
-22
-23
-12
5
22
24
7
-11
-21
-23
-26
-24
-12
-4
-4
-12
-26
-40
-42
-39
-38
-27
-6
10
19
22
26
25
21
27
44
56
55
41
26
26
33
33
32
34
37
26
20
22
29
35
21
6
10
27
41
38
34
20
6
6
8
4
0
-1
-8
-12
5
38
59
54
28
13
26
42
44
49
52
38
17
-6
-18
-20
-21
-23
-26
-27
-20
-10
-26
-45
-45
-26
-12
-20
-25
-27
-33
-33
-30
-34
-24
-10
-6
-9
-13
-20
-25
-24
-21
-13
-13
-17
-8
5
12
1
-13
-26
-28
-22
-18
-22
-36
