85
74
57
42
38
51
65
71
68
67
72
75
70
68
74
76
68
59
66
80
81
71
65
59
58
59
67
69
56
40
38
44
60
82
86
82
66
52
50
51
48
40
39
38
38
35
26
26
36
40
39
37
33
33
36
38
43
51
50
39
28
24
26
40
53
53
52
57
70
74
80
75
65
57
67
81
83
80
77
88
97
96
91
92
89
83
81
80
65
40
19
11
24
34
39
41
33
18
6
7
27
48
48
34
20
18
19
19
4
-28
-46
-33
-12
-6
-10
-17
-19
-19
-13
6
34
38
29
25
28
37
49
52
41
33
36
41
39
41
59
72
70
61
55
50
44
49
60
67
58
53
50
50
56
59
59
54
42
35
22
19
23
36
50
56
41
23
26
34
38
42
49
51
44
43
45
49
53
68
82
82
71
67
69
66
59
51
38
29
37
52
55
49
40
42
50
52
65
85
106
113
98
84
86
92
105
123
131
115
98
80
64
57
54
54
55
53
49
50
54
53
37
19
16
21
28
37
41
43
39
28
18
24
48
65
74
69
49
34
26
25
32
40
40
27
19
17
24
39
48
50
54
52
35
12
2
-2
3
12
22
35
37
28
22
23
28
28
20
5
5
20
43
60
71
66
51
48
53
53
44
28
17
24
41
42
25
8
16
26
32
34
37
42
45
36
13
0
3
20
34
33
25
18
20
35
43
45
53
56
50
36
34
45
58
59
48
35
32
32
28
27
36
43
42
48
55
59
53
43
54
75
82
59
32
17
23
56
88
89
76
73
83
93
98
90
88
84
73
65
66
70
75
82
81
82
89
89
81
66
48
26
20
22
28
28
18
9
11
24
37
53
64
58
57
55
49
33
17
10
18
24
37
52
55
48
34
25
23
21
25
34
26
9
-2
-4
2
16
25
36
44
44
36
39
55
70
66
49
35
22
22
27
32
29
40
50
50
54
56
49
21
-8
-20
-4
27
65
85
88
91
98
102
105
107
103
92
75
64
64
70
68
56
49
55
74
71
49
28
17
8
4
7
21
25
20
8
2
9
25
36
40
51
53
52
52
54
60
65
66
53
34
24
19
17
9
6
10
18
26
41
51
51
50
49
44
56
67
66
59
54
43
36
38
48
51
43
39
38
40
41
48
50
41
25
16
18
25
37
45
43
32
28
43
64
65
58
51
42
34
38
44
44
40
37
36
45
60
59
45
38
34
29
28
32
24
9
8
17
22
35
48
48
36
33
39
57
80
91
91
80
68
58
50
53
64
68
56
40
26
25
40
55
50
35
26
23
19
18
27
38
38
34
39
49
50
42
34
22
13
18
33
52
59
56
53
49
41
51
64
58
45
44
64
76
81
74
61
39
20
21
38
49
42
26
27
51
69
73
70
56
57
59
59
67
58
49
58
68
65
60
61
59
61
64
65
59
44
26
12
10
21
34
36
28
18
21
36
49
48
34
22
17
36
54
43
18
6
13
28
38
33
26
35
44
53
64
66
64
59
55
50
43
41
39
37
38
54
73
80
70
66
70
82
85
75
51
40
56
75
70
51
43
50
60
68
66
59
56
56
56
49
34
24
35
53
64
67
64
64
70
75
83
75
54
33
23
20
17
23
36
37
28
38
60
80
72
39
-5
-27
-33
-20
-6
-4
-13
-26
-24
-17
-3
13
27
40
42
36
20
2
-7
-6
4
19
24
21
13
17
37
66
87
100
118
132
131
120
103
90
96
98
93
96
98
89
85
92
106
121
128
120
117
119
116
114
116
118
120
119
105
86
76
69
58
58
52
36
25
26
28
25
24
34
45
52
43
36
32
27
39
58
71
66
53
49
59
77
81
73
68
66
74
89
90
74
57
50
49
51
43
38
53
59
51
42
41
44
40
24
10
19
23
16
16
34
51
49
32
11
3
11
33
42
34
16
24
49
61
61
51
40
49
49
32
22
23
26
32
35
32
11
-2
0
12
26
26
22
16
4
-4
-10
-10
0
24
39
44
48
33
17
5
-2
-10
-7
-4
-9
-5
16
33
43
48
45
55
61
57
55
58
77
104
124
134
129
118
93
80
89
117
136
132
119
117
124
137
151
149
133
116
102
89
75
73
84
102
116
117
102
84
76
84
97
103
101
84
69
57
50
44
33
22
20
23
26
33
49
58
56
51
56
65
71
74
71
61
51
59
82
98
98
80
50
38
44
56
66
68
66
55
49
50
49
43
38
34
36
43
40
26
16
18
26
34
42
51
49
33
11
5
10
11
9
4
-8
-20
-18
-3
9
6
-1
-1
-8
-12
-5
-2
4
19
43
60
65
58
42
16
6
21
36
38
36
28
19
18
27
35
33
22
10
17
32
40
40
28
17
10
9
2
-1
9
18
19
17
