32
25
34
40
49
60
69
70
76
89
98
92
72
53
38
32
27
29
27
26
33
43
49
43
37
27
22
19
22
33
54
76
88
86
75
65
44
34
27
9
-17
-27
-28
-23
-11
-8
-7
0
9
8
-9
-23
-27
-27
-23
-26
-39
-50
-36
-17
-9
-23
-42
-43
-37
-28
-18
-2
4
4
17
24
19
20
20
9
4
4
4
4
8
12
24
42
45
35
23
16
23
37
45
42
29
23
22
25
44
65
64
57
56
56
64
61
56
48
37
28
32
37
40
41
41
45
53
60
69
69
68
70
72
76
86
86
73
64
53
42
49
56
56
65
84
93
92
84
83
85
77
64
49
50
56
66
64
55
59
83
102
104
100
101
102
99
91
100
113
114
99
80
60
56
80
100
93
82
72
74
80
76
75
82
85
80
64
52
56
69
61
48
42
53
58
56
54
55
52
41
43
57
70
70
69
73
77
76
58
43
53
70
73
71
69
69
60
51
45
53
65
66
55
51
49
42
43
58
69
69
60
49
40
44
51
50
43
32
21
22
22
21
29
39
49
52
48
49
65
75
77
68
52
37
25
27
39
55
61
55
44
38
48
57
45
27
26
43
77
106
92
66
65
90
118
120
104
91
85
68
67
98
137
147
123
106
114
128
114
84
70
70
58
51
59
83
100
102
96
88
85
84
87
77
69
65
60
72
81
67
42
38
48
54
55
45
33
26
36
51
55
49
43
53
64
68
71
73
70
61
48
36
41
57
65
54
37
22
21
23
23
26
27
21
24
35
39
38
32
25
23
24
24
16
11
10
12
25
32
19
2
0
11
25
27
19
11
10
16
19
16
9
1
-7
-9
-6
3
4
1
4
17
27
25
21
26
45
72
85
85
88
87
82
77
75
66
50
48
42
26
19
21
26
44
61
60
45
34
33
33
29
28
33
36
27
18
13
23
37
51
51
36
23
19
17
22
23
20
19
18
12
8
9
25
44
56
51
39
34
44
72
91
86
56
33
33
40
34
22
21
20
6
3
16
33
48
55
55
54
53
54
58
67
76
75
73
67
55
54
68
85
86
74
57
38
33
32
25
17
11
22
36
37
38
40
39
34
28
32
48
60
65
55
49
40
34
40
52
60
53
28
18
23
38
43
35
23
22
34
43
43
39
50
64
77
87
82
67
64
67
66
66
57
38
20
4
-2
1
7
18
23
20
16
21
26
22
13
8
4
8
24
48
54
43
25
22
39
44
42
36
32
23
8
-4
1
23
36
29
19
11
9
10
18
32
41
40
39
40
41
44
52
58
61
66
69
71
80
80
72
65
66
64
53
43
34
32
38
52
64
65
65
64
56
56
64
70
80
92
89
70
64
73
82
77
70
56
48
50
41
27
12
8
24
43
43
32
29
41
52
53
53
68
90
98
98
93
84
57
33
33
49
57
58
57
51
50
56
67
71
66
60
58
51
44
38
37
51
67
70
53
26
24
49
73
90
84
70
69
73
69
58
53
50
55
66
72
69
59
52
49
48
52
54
43
38
44
51
44
40
39
48
55
56
50
44
52
60
71
73
58
36
32
35
33
28
20
12
12
19
23
26
28
24
22
28
48
57
50
35
35
40
38
39
42
37
23
16
11
13
11
10
13
21
23
35
48
48
41
40
40
37
27
21
21
27
36
45
56
51
39
27
23
22
19
22
35
50
60
75
80
69
68
80
84
72
43
16
-3
-8
-3
7
16
24
36
37
34
38
51
56
54
49
39
35
36
43
51
50
42
26
21
36
53
54
43
38
50
71
89
90
75
55
43
39
35
27
32
37
37
38
42
45
53
55
57
54
49
52
64
56
39
38
44
48
41
33
41
56
59
48
28
19
-1
-21
-22
-11
-7
-5
-3
-1
-3
-9
-12
-20
-27
-24
-25
-29
-28
-20
-4
12
22
21
25
42
56
60
64
67
69
75
77
73
68
70
74
75
73
66
55
45
40
48
58
76
89
90
90
98
112
108
91
70
58
57
50
37
27
26
40
52
53
64
76
82
76
68
59
54
48
39
36
43
57
70
72
65
51
36
35
49
59
68
69
60
60
72
85
102
123
120
85
52
40
50
53
49
43
50
55
53
53
57
66
80
87
100
108
105
84
64
56
57
67
67
58
55
54
49
42
52
71
84
75
56
44
43
43
40
38
44
58
60
49
36
41
53
40
13
1
9
32
39
27
16
12
25
39
36
18
2
-3
2
5
16
33
42
39
12
-3
8
28
45
57
67
56
37
26
35
50
64
66
58
58
60
56
60
73
90
108
118
102
69
37
23
27
35
41
49
44
44
66
100
116
106
85
72
74
85
91
85
67
53
54
66
70
73
84
85
83
86
92
92
80
60
54
56
