53
55
51
48
48
42
39
38
33
34
38
41
41
48
52
42
29
20
27
48
60
61
48
25
7
6
21
35
40
40
42
64
81
85
83
80
74
75
68
57
56
56
52
50
52
42
25
27
36
32
12
3
2
8
18
21
34
48
37
20
9
16
34
49
56
64
74
88
84
67
53
52
67
72
60
38
23
23
33
43
64
72
59
44
27
16
20
32
35
28
28
28
26
21
10
11
22
26
28
36
39
42
52
65
60
50
43
43
52
56
50
37
35
44
51
52
53
40
33
37
49
55
54
51
48
39
33
19
4
7
28
51
68
73
71
66
65
67
64
49
38
36
39
54
69
72
69
61
60
71
81
74
64
50
41
41
54
61
65
58
50
52
69
88
89
73
52
40
43
55
61
58
42
19
3
4
1
-1
9
20
20
6
-3
10
38
52
44
36
42
49
44
38
24
16
21
41
51
42
28
23
34
43
37
19
2
0
11
32
53
70
70
48
17
-3
-1
11
19
13
1
-17
-25
-24
-13
-6
-3
3
12
20
6
-11
-11
5
32
45
39
23
16
21
26
36
38
36
37
41
41
38
35
29
34
33
27
25
32
39
43
42
40
42
45
43
40
38
41
48
50
57
65
61
57
67
76
85
87
86
85
86
89
96
86
73
71
73
65
55
58
59
64
67
72
73
72
70
69
67
68
66
58
53
56
67
71
72
77
86
85
80
71
68
73
72
53
40
42
51
56
55
50
44
36
22
12
25
57
82
75
61
67
83
106
125
121
108
97
97
100
104
97
74
72
91
101
86
66
53
41
39
52
58
60
69
73
69
53
33
32
48
68
71
57
37
17
18
44
64
64
45
17
-4
-4
2
4
-2
0
18
37
42
37
35
53
71
80
84
80
67
51
37
36
39
44
54
61
69
76
75
65
43
23
12
10
7
12
34
49
36
7
-12
5
58
102
113
101
89
85
80
66
64
76
99
103
72
13
2
43
97
114
93
58
26
21
24
10
-52
-140
-132
-37
74
161
200
194
144
77
55
74
39
-139
-274
-247
-151
-5
89
161
266
242
140
236
434
460
288
59
-227
-635
-743
-324
170
357
231
57
48
179
294
336
326
294
217
92
-50
-158
-171
-61
20
33
88
150
147
101
69
65
73
51
-34
-86
-29
71
133
163
155
114
89
102
133
155
150
96
3
-17
27
35
-12
-20
77
192
224
200
154
117
96
76
72
70
43
35
76
102
112
114
75
54
82
131
149
125
107
93
83
90
106
107
56
22
89
188
194
140
125
154
189
171
131
114
124
145
146
129
138
156
144
88
-37
-161
-110
117
321
340
202
77
61
134
213
229
182
114
45
-18
-86
-98
-27
55
100
120
125
81
-65
-121
17
198
267
231
180
169
199
235
228
131
-12
-49
-2
-35
-51
26
117
170
197
200
189
172
151
107
40
1
36
106
123
16
-119
-78
59
145
148
113
65
21
0
8
26
48
43
13
-21
-51
-50
-21
20
68
91
86
67
41
25
19
5
-2
-11
-52
-70
-27
41
85
85
52
9
-24
-42
-34
-20
-22
-26
-41
-55
-58
-55
-49
-39
-21
-6
-8
-18
-33
-45
-66
-86
-102
-70
-8
23
12
6
4
3
16
33
38
18
-6
1
10
6
6
17
34
40
22
-5
-23
-27
-24
-23
-35
-43
-34
-4
-10
-28
-6
41
64
54
41
35
37
45
58
66
49
20
8
9
2
-2
-1
-22
-77
-87
-46
12
53
16
-41
-33
21
80
97
72
42
21
10
6
9
12
20
23
16
-3
-19
-27
-2
25
20
-7
-34
-42
-39
-23
-17
-12
-12
-12
-9
-3
20
44
48
26
8
16
38
48
20
-43
-113
-92
-5
58
65
37
20
25
38
40
36
36
36
24
1
-10
5
22
34
33
25
28
26
26
24
-3
-27
-34
-52
-75
-66
-35
-13
-6
4
9
0
-12
-22
-19
-6
1
-10
-29
-33
-23
-13
-2
3
6
12
17
3
-23
-33
-4
35
65
59
24
-6
-5
9
6
-12
-27
-39
-53
-57
-49
-38
-21
-1
-3
-22
-36
-29
-37
-54
-53
-25
-7
-7
-11
-10
-4
-3
-9
-24
-34
-23
-13
-13
-17
-12
-19
-33
-39
-24
-3
-3
-25
-37
-10
23
38
37
35
12
-19
-39
-28
1
21
17
-7
-20
-4
12
19
18
25
43
61
75
69
54
61
88
116
124
103
69
5
-53
-38
37
88
87
71
80
100
104
89
83
83
75
66
67
74
76
69
52
48
52
54
57
57
39
21
21
42
70
81
71
73
98
112
101
93
97
93
93
104
103
81
64
58
57
60
66
56
48
56
73
91
91
70
83
112
112
113
107
80
52
56
75
83
69
58
67
70
68
69
76
91
99
101
112
115
96
72
68
75
83
85
87
86
81
74
77
75
72
68
64
67
82
76
68
81
106
128
132
124
99
82
98
115
103
76
56
49
55
67
50
11
2
27
66
87
77
51
40
66
112
140
