43
57
58
55
52
50
49
49
38
25
18
22
28
40
55
56
54
53
54
52
53
58
57
44
33
23
20
13
9
9
8
11
26
40
44
40
35
38
45
43
40
40
45
41
35
35
41
57
71
68
50
34
24
21
21
25
26
28
34
42
50
56
67
72
82
85
81
69
59
58
57
56
70
98
118
113
96
84
76
74
69
60
54
50
49
61
77
74
54
44
42
54
66
64
50
39
38
44
51
50
42
39
33
26
28
33
37
37
28
18
7
16
34
40
32
19
22
36
43
52
43
26
20
23
33
33
38
49
55
60
56
50
57
67
70
65
39
9
0
16
38
44
36
22
33
58
68
57
59
75
82
74
54
36
28
38
42
33
26
34
40
36
24
21
22
20
11
10
13
20
25
38
51
53
44
39
44
50
49
45
50
50
42
40
49
59
70
74
80
72
70
65
53
36
28
33
43
57
67
71
72
71
65
56
52
44
44
50
53
49
40
42
55
74
82
66
43
50
70
80
64
40
33
25
26
36
42
48
52
49
36
25
22
28
35
34
37
45
58
60
58
55
55
64
73
84
85
75
68
59
57
53
44
40
43
53
55
59
67
69
59
56
57
53
49
48
44
48
67
83
80
64
56
64
70
66
54
38
25
22
23
27
36
43
50
50
39
23
18
26
39
45
55
65
73
72
53
35
24
29
48
61
58
40
27
32
48
70
72
53
42
42
42
42
48
50
42
40
51
61
59
57
57
54
61
70
61
48
36
28
37
49
49
44
42
37
26
22
19
19
22
33
42
42
39
50
58
52
49
44
40
28
18
16
20
28
34
27
28
41
49
38
19
13
26
40
44
41
36
42
64
69
56
40
36
38
41
41
36
26
23
25
40
61
77
75
65
56
53
51
39
27
32
42
64
75
71
66
56
33
13
20
42
64
66
54
45
57
81
90
89
85
74
54
40
38
44
48
52
54
55
52
50
57
53
39
34
38
51
58
65
56
44
37
37
38
42
51
50
51
50
42
41
53
56
56
56
54
60
69
69
60
52
48
42
37
36
37
40
50
53
54
55
71
86
84
74
64
55
64
82
97
93
80
58
43
38
42
50
51
44
37
32
42
58
59
56
55
67
82
96
101
99
80
51
25
19
24
24
17
7
2
1
3
6
9
11
18
13
2
-1
9
19
8
3
13
39
52
41
25
11
7
17
26
33
26
19
17
27
39
42
40
44
66
84
89
87
75
67
70
68
54
40
36
26
21
12
7
2
2
9
23
34
42
50
53
58
49
35
35
38
33
21
21
28
43
56
64
59
59
69
77
81
75
72
74
74
65
57
56
61
60
49
27
12
-2
-8
-3
6
12
21
39
60
90
99
82
58
44
33
23
18
22
24
16
4
11
35
49
57
55
53
57
66
58
49
34
37
71
101
105
86
53
26
20
21
17
5
-6
-8
-18
-35
-37
-29
-26
-30
-34
-27
-21
-26
-36
-38
-41
-36
-36
-33
-20
-20
-34
-43
-51
-52
-42
-33
-26
-24
-23
-27
-38
-49
-49
-34
-20
-12
-9
-5
-2
-2
-2
-8
-8
-1
7
13
26
34
33
33
32
28
40
51
50
49
50
55
56
57
71
85
98
98
97
99
104
113
115
134
167
193
178
145
130
132
138
146
140
119
101
101
117
135
137
137
138
135
122
112
105
100
99
112
124
116
108
117
128
125
109
96
86
85
86
77
69
68
75
88
97
97
93
92
100
100
97
91
85
76
70
76
97
113
128
123
106
86
68
58
59
70
83
98
105
97
80
76
76
80
86
91
99
105
107
107
101
83
71
81
86
80
69
64
68
71
64
55
59
64
64
56
55
57
55
55
60
77
90
91
84
70
68
74
81
73
67
73
85
86
69
51
41
32
26
20
11
11
17
16
16
32
52
64
68
68
66
68
68
56
48
45
50
60
76
88
80
55
41
43
54
58
55
49
42
38
28
24
24
23
28
38
39
34
24
20
22
24
22
24
26
36
39
40
40
40
28
10
10
32
45
38
16
0
5
18
19
20
28
35
35
39
49
55
65
81
101
101
68
20
-7
-35
-58
-66
-57
-41
-37
-39
-25
-3
5
-6
-20
-19
-19
-18
-20
-12
-10
-35
-58
-61
-44
-33
-27
-24
-14
-6
0
1
5
17
28
35
35
23
13
17
28
40
36
29
35
37
23
3
-4
4
33
71
91
73
53
60
91
116
112
96
84
82
83
81
75
88
112
124
123
107
90
77
71
68
65
54
39
34
37
56
72
67
50
39
39
41
50
64
80
84
73
50
35
35
39
38
26
10
0
0
11
28
42
44
53
64
65
59
44
26
27
48
72
77
67
52
50
50
35
19
11
0
-19
-35
-36
-36
-37
-23
-6
-7
-12
-10
0
5
-1
-14
-22
-18
-7
