38
39
37
33
33
41
52
57
60
64
54
48
43
40
37
42
45
34
20
20
22
21
25
37
52
58
49
37
40
43
36
21
10
19
36
52
58
58
55
58
51
41
38
35
27
22
25
28
18
3
6
21
29
27
35
45
55
67
76
72
61
58
56
50
48
51
57
73
80
74
65
41
20
13
16
19
24
34
43
50
52
52
54
57
54
53
53
45
37
27
25
32
42
55
59
54
45
49
52
53
59
64
49
27
17
19
25
35
26
11
11
27
44
53
54
51
41
44
45
35
29
34
36
37
40
43
37
25
32
43
54
49
33
21
23
36
49
51
53
52
51
59
69
65
54
40
29
24
22
24
35
53
72
85
82
68
56
52
51
39
22
0
-18
-10
11
26
25
25
36
53
56
43
26
16
16
24
28
21
24
41
52
48
39
32
28
40
55
57
51
39
33
39
45
45
43
40
37
34
39
45
43
35
33
39
60
69
56
44
41
51
59
60
52
45
51
61
70
67
58
54
68
81
75
65
64
64
55
52
57
54
42
40
51
58
56
42
35
43
43
33
24
23
29
38
35
29
33
40
44
42
41
38
34
28
29
32
33
37
35
33
32
22
17
23
34
34
27
34
40
42
35
33
42
54
67
76
80
73
66
64
59
56
54
57
58
60
51
48
60
72
68
56
64
82
98
96
83
68
54
50
51
48
34
25
25
25
19
11
11
10
16
27
42
49
45
45
51
42
17
9
35
54
51
39
28
24
37
58
70
69
66
61
67
69
61
50
39
38
56
74
81
75
67
66
71
74
69
55
41
42
49
44
44
48
52
58
69
77
84
74
56
35
25
33
42
50
44
38
36
40
49
38
23
27
34
27
23
26
19
18
33
42
44
41
36
28
25
23
23
25
17
0
-10
-8
-3
5
11
10
11
13
18
28
36
26
26
38
49
58
69
83
81
67
67
70
70
67
64
56
49
52
64
68
60
54
52
56
65
68
71
73
67
56
49
40
43
55
59
59
60
60
53
42
23
10
28
64
86
86
71
60
57
68
84
87
71
54
42
43
53
59
64
66
70
72
70
76
84
81
72
65
64
71
75
68
51
38
36
41
50
52
39
21
9
9
18
28
37
34
33
40
52
55
54
51
53
64
68
68
68
61
52
34
26
39
50
51
53
58
64
60
60
61
58
59
66
67
65
61
56
59
69
83
90
86
72
60
54
52
54
58
53
43
42
37
29
35
40
42
41
42
49
53
49
42
43
41
35
34
50
68
66
52
39
38
37
35
39
48
50
42
34
34
43
49
49
49
51
51
52
42
26
21
19
16
18
32
38
39
44
57
65
56
44
41
35
22
23
33
24
11
17
39
58
59
51
38
32
35
37
34
32
27
28
37
43
50
42
37
27
22
16
21
34
43
41
35
40
51
50
44
37
21
9
16
26
36
39
43
54
59
60
65
75
92
91
71
51
35
37
52
58
58
65
74
84
81
72
60
42
28
26
21
10
9
13
11
3
-3
6
16
11
10
7
10
27
45
54
56
49
48
56
69
71
52
44
54
64
54
49
56
73
97
108
102
80
65
65
68
69
81
89
84
64
45
40
49
56
56
45
38
26
12
4
-2
-5
1
7
21
43
54
42
23
18
24
38
40
35
24
16
22
34
32
23
21
25
32
28
26
26
23
25
38
45
53
68
80
84
89
99
101
98
85
64
40
25
22
23
24
21
20
32
37
43
56
66
68
64
53
58
82
100
102
86
72
65
71
100
132
132
112
104
114
115
99
80
65
67
70
71
81
88
92
98
106
112
103
86
76
80
65
51
57
66
61
48
36
26
25
33
42
49
48
42
39
37
29
27
37
50
50
39
37
48
44
28
8
2
13
33
36
20
0
-8
-9
-7
-6
-17
-29
-37
-38
-29
-23
-17
-1
3
-4
1
7
7
2
-2
1
2
5
7
11
16
18
27
36
29
22
20
25
34
36
45
53
42
21
0
-11
-12
-18
-14
-5
11
26
28
23
24
38
52
58
57
52
52
59
69
69
67
57
44
35
27
27
28
35
39
49
57
59
55
58
73
85
86
73
55
44
49
53
41
28
24
24
33
44
43
33
29
39
53
61
57
54
43
36
41
56
58
44
34
25
23
22
17
11
27
38
28
32
33
22
20
27
36
35
32
33
38
56
93
101
69
33
9
3
10
20
17
11
18
18
4
-5
-6
8
28
41
28
11
11
17
9
2
-6
-9
3
16
19
22
21
16
6
-1
-9
-9
4
17
19
37
56
51
33
20
28
39
43
48
44
39
40
54
71
75
69
68
75
91
103
91
73
68
71
87
91
84
70
68
69
70
69
65
61
66
71
71
73
85
91
90
87
84
