37
35
26
26
25
34
41
43
28
6
-7
-3
11
23
25
18
7
6
10
20
26
26
21
18
33
44
42
35
22
21
37
51
53
51
40
34
44
59
64
58
56
58
69
81
82
73
66
58
42
21
8
-1
-11
-11
4
41
71
70
50
39
43
41
33
37
50
59
65
60
60
65
71
84
100
103
92
82
67
56
57
64
58
43
33
36
45
59
65
55
54
69
86
103
106
86
67
53
39
20
0
-6
0
19
49
70
85
93
90
77
69
71
84
83
71
58
52
61
80
82
60
39
35
26
11
6
7
16
29
50
61
71
76
83
82
75
72
67
56
53
49
51
61
61
54
55
72
84
82
74
59
38
25
25
34
39
35
20
-5
-27
-28
-11
-1
7
13
23
25
35
37
33
23
20
27
32
20
9
9
11
12
10
4
6
16
26
34
39
39
45
60
66
64
59
53
49
45
51
55
45
36
34
34
29
25
24
34
45
65
69
67
72
76
81
93
100
96
88
87
99
113
105
100
99
96
92
91
96
96
97
102
105
101
96
92
91
87
70
54
57
65
68
64
58
64
77
91
89
68
54
56
55
50
48
45
39
32
26
28
33
37
41
40
49
65
68
53
37
40
53
56
56
53
44
40
45
57
70
70
56
48
50
56
56
49
37
21
6
2
2
4
5
9
12
17
12
6
-4
-7
0
18
33
33
28
41
64
75
74
70
76
89
84
59
43
39
40
39
38
40
45
40
35
33
34
32
40
50
51
48
32
10
3
12
22
26
26
24
34
49
50
39
35
37
43
49
49
38
32
23
21
24
28
33
41
54
59
49
28
21
26
34
38
44
51
52
53
48
40
41
53
64
69
58
35
20
20
25
26
24
21
21
25
35
41
50
53
52
52
54
55
44
23
4
8
33
56
68
72
74
68
59
59
72
86
93
97
85
65
50
49
53
57
58
58
65
71
73
58
49
61
88
93
77
59
52
60
70
65
56
51
48
41
38
50
58
61
61
56
50
42
36
27
17
9
17
22
23
24
28
36
54
66
60
57
56
54
58
69
70
57
51
54
57
57
53
49
56
73
82
69
45
29
33
40
43
43
44
42
38
39
39
22
2
0
8
17
16
7
10
27
34
27
26
22
16
17
24
29
20
11
12
27
38
38
41
54
65
60
53
50
61
74
72
58
42
36
42
52
53
48
44
43
49
56
59
61
58
54
49
51
59
68
67
60
54
53
60
68
64
52
35
25
26
39
55
66
65
57
61
73
68
58
55
53
64
75
69
59
55
48
52
68
72
69
54
36
37
44
49
45
36
25
22
25
26
12
19
51
76
64
39
38
45
49
53
52
42
41
43
54
59
59
64
69
71
61
51
53
69
74
64
51
49
61
74
77
75
74
65
45
25
12
6
12
25
21
9
8
9
0
-5
3
21
41
52
44
33
25
32
38
41
50
67
74
68
57
53
59
72
83
81
67
53
51
58
74
82
65
39
32
49
66
71
74
70
65
64
69
70
61
57
59
55
50
50
49
42
39
38
42
49
48
44
49
53
55
41
21
18
22
24
33
43
52
53
53
52
50
49
41
32
23
33
42
41
29
27
39
41
39
35
35
49
59
52
37
27
24
24
27
35
34
29
33
41
49
55
57
42
23
17
19
28
42
44
36
21
13
21
24
25
35
50
67
83
82
65
55
58
58
44
35
32
39
44
51
56
57
53
48
44
43
37
35
45
49
44
38
35
38
40
37
36
40
38
28
25
35
49
56
44
40
48
60
68
65
58
56
58
64
65
68
81
88
75
58
50
48
49
50
50
53
51
39
25
23
19
21
21
20
16
19
27
42
49
38
29
38
51
58
57
50
53
65
75
84
82
72
66
59
55
54
52
54
55
52
37
23
32
57
66
59
58
53
32
19
36
50
33
2
-8
6
23
27
25
19
16
25
40
55
54
36
18
12
26
43
53
56
54
55
55
50
40
34
36
39
40
48
54
67
73
69
65
65
64
60
56
48
36
27
35
55
68
64
58
59
65
60
66
73
77
70
42
16
10
24
38
44
48
44
44
41
40
40
45
55
56
49
40
41
52
65
72
70
66
64
69
76
82
89
87
72
58
54
51
42
35
36
42
45
43
36
39
65
82
88
87
76
71
74
82
81
68
59
69
72
69
65
60
54
55
57
59
60
67
77
75
59
38
22
20
26
27
34
26
19
24
37
34
16
12
27
42
36
33
36
25
10
8
26
40
48
49
44
44
56
72
82
72
53
26
10
22
37
33
18
1
-2
4
0
-2
-9
-10
-1
6
1
-12
-29
-49
-52
-42
-33
-34
-44
-57
-57
-42
-21
-18
-33
-42
-37
-24
-23
-28
-33
-37
-35
