59
59
59
64
61
55
40
32
52
82
92
90
83
68
57
52
56
64
64
65
69
68
65
51
35
24
26
41
51
53
50
39
23
16
18
21
17
6
0
1
9
26
50
57
51
48
43
32
16
1
-3
8
24
33
28
21
18
21
20
26
38
29
16
12
33
58
67
66
73
80
75
68
56
42
32
21
21
26
28
34
27
11
3
12
35
39
23
8
6
6
7
8
9
7
4
6
11
17
17
24
37
49
52
52
56
65
75
75
61
49
49
52
52
60
82
90
75
48
38
52
67
77
86
88
88
85
80
72
68
72
76
82
86
87
87
85
98
115
120
114
99
81
75
82
82
68
53
42
41
53
71
73
61
50
34
26
36
41
41
44
49
57
60
51
43
44
52
51
37
18
12
24
40
44
45
52
59
65
67
73
75
72
67
58
49
43
41
42
55
57
49
40
35
41
65
69
50
37
43
53
49
53
66
71
74
72
59
52
54
53
56
55
40
23
10
11
21
24
25
26
21
19
17
18
25
18
2
-8
-5
3
11
29
44
50
44
42
36
21
7
10
22
34
36
28
27
43
71
87
85
70
64
69
76
84
89
88
72
56
51
57
77
87
70
51
48
58
73
80
86
91
88
80
68
59
59
56
59
67
65
58
60
68
72
72
68
59
50
49
49
38
34
50
74
91
87
69
53
56
64
69
70
59
48
40
38
39
48
50
49
57
67
60
59
58
55
57
69
77
80
81
85
88
80
68
66
59
49
40
34
27
32
36
37
32
28
37
51
64
64
56
55
56
49
51
67
80
76
69
60
52
37
29
41
54
55
41
23
18
20
37
53
57
50
36
24
22
19
20
33
41
42
39
41
52
57
52
32
17
12
19
21
21
22
16
6
9
21
27
34
40
40
34
29
25
20
19
20
28
43
53
56
57
65
69
71
70
59
44
36
33
28
19
0
-17
-10
6
9
8
5
1
7
17
17
11
8
9
6
-3
-13
-11
-1
9
17
21
26
21
11
12
17
19
33
41
38
34
41
53
64
66
60
54
42
34
37
44
48
53
65
71
70
61
54
57
60
64
59
49
40
40
49
53
55
56
48
41
51
61
61
57
55
58
56
44
48
59
59
49
36
26
28
34
26
17
18
34
51
59
57
52
45
36
27
28
38
44
52
65
69
64
58
56
43
32
23
22
27
33
34
35
42
54
58
56
52
42
35
43
58
60
58
60
65
69
69
68
68
65
60
56
56
59
65
60
54
50
49
52
68
76
68
52
44
41
40
28
18
23
33
33
33
50
61
54
37
21
16
26
52
66
67
65
70
74
83
92
91
69
41
40
59
73
71
64
56
48
37
33
40
44
54
69
80
80
74
69
69
65
65
69
69
57
43
43
58
64
53
41
28
29
40
51
51
43
37
40
51
54
44
37
37
40
40
45
54
60
65
54
39
34
33
44
59
57
52
41
28
26
29
37
48
56
64
67
60
48
37
48
56
43
22
6
6
20
38
49
52
51
50
53
49
34
11
6
18
29
41
40
34
32
39
44
35
23
20
28
34
35
43
67
82
74
64
61
60
59
57
54
59
65
57
43
32
24
19
20
22
25
33
37
44
51
48
44
55
69
74
67
61
60
57
52
41
40
49
52
43
37
40
44
52
51
38
34
36
33
24
28
36
34
21
18
27
38
35
27
27
34
41
43
45
50
42
33
28
41
55
50
34
28
39
51
54
53
51
41
34
32
41
59
72
70
57
56
55
58
74
83
69
43
42
56
60
53
42
34
25
22
26
39
49
52
50
44
42
43
43
37
23
28
41
38
34
36
36
27
16
7
6
9
19
19
9
7
20
29
28
27
27
27
23
19
17
25
33
27
25
27
27
32
39
48
59
69
52
32
21
16
6
13
33
40
36
32
26
25
26
17
-2
-11
0
22
41
43
39
38
40
39
38
49
70
87
82
56
22
-3
-12
-5
12
27
24
12
5
2
4
19
39
68
84
77
64
54
54
56
64
70
74
73
74
75
85
91
85
80
85
81
64
52
44
51
57
52
42
41
35
34
44
56
56
44
34
34
42
49
44
48
52
50
41
34
35
48
56
56
45
27
12
2
-2
-5
-9
-6
-6
-13
-12
-9
-8
-6
0
10
24
22
9
0
2
8
7
1
0
5
10
8
2
2
10
26
38
35
24
23
26
32
44
58
66
68
71
76
80
83
89
98
101
97
86
74
60
68
88
107
116
120
121
115
106
105
106
106
116
131
138
140
140
137
130
114
104
99
92
91
86
75
70
71
84
99
107
106
98
89
83
73
69
69
75
83
80
67
65
65
56
52
54
60
65
57
53
57
65
65
64
57
54
57
60
51
