73
57
52
58
74
76
60
52
56
45
27
17
25
33
25
19
21
19
9
17
33
44
50
52
50
44
44
42
36
32
24
17
11
21
27
28
26
23
20
19
21
39
67
75
67
54
51
53
59
64
56
42
26
23
21
20
28
43
51
52
52
51
45
40
49
60
54
37
29
35
38
35
23
18
18
28
44
53
42
25
20
23
38
50
58
65
54
39
36
39
37
33
33
40
42
37
12
3
8
22
26
20
16
22
35
36
24
12
19
26
24
19
19
19
18
32
48
44
33
23
37
55
64
64
56
43
28
32
41
54
58
55
42
36
33
34
39
52
68
70
65
65
73
84
91
97
96
88
82
81
84
89
97
96
92
86
75
68
68
73
76
80
85
91
97
97
90
82
80
82
82
70
55
50
53
65
66
57
59
67
74
76
80
73
69
71
80
71
60
65
70
73
85
82
68
64
66
67
66
64
69
75
76
81
83
73
57
41
28
27
37
40
34
32
39
43
43
41
34
26
33
35
25
22
26
27
29
39
45
48
49
50
44
39
36
36
38
43
37
20
8
6
7
2
-2
8
22
32
45
70
86
81
60
44
41
38
32
19
20
23
33
38
39
37
29
23
28
38
40
35
28
26
32
40
51
53
50
41
36
34
36
42
48
59
71
69
58
49
45
44
40
36
36
39
44
56
59
55
50
49
43
34
32
29
28
25
22
24
28
32
28
34
53
69
64
40
35
50
65
60
43
26
18
18
24
28
24
21
28
42
50
48
43
49
43
33
25
26
38
51
53
50
49
48
44
51
68
80
85
97
93
81
70
64
59
58
52
45
49
45
38
27
23
20
21
37
53
55
45
36
35
49
66
66
49
28
20
22
28
37
37
29
25
28
38
49
53
54
56
45
21
0
-3
10
36
48
32
19
23
38
48
55
58
54
45
37
39
52
68
71
68
65
68
80
82
67
56
48
44
55
59
57
50
38
40
44
48
45
42
49
58
61
60
58
58
58
56
52
55
58
57
45
39
48
64
64
50
37
35
36
35
33
33
37
41
40
37
43
60
71
66
54
50
45
51
53
43
39
40
41
42
44
43
41
36
29
28
36
38
43
52
51
37
23
22
34
34
26
24
25
33
43
54
56
56
55
44
33
21
24
37
52
70
80
74
65
58
64
68
67
60
58
55
49
49
49
40
37
36
38
51
65
66
66
70
76
90
103
102
87
66
53
43
42
50
55
59
59
50
39
32
26
38
53
56
53
50
48
44
49
60
71
71
68
61
65
75
86
77
67
65
68
61
48
32
23
25
34
38
37
38
38
33
26
22
27
40
41
32
28
40
48
48
40
28
16
21
43
54
55
55
51
43
41
44
50
42
39
39
27
23
34
50
61
59
48
36
36
39
35
33
32
26
32
43
54
65
74
70
50
27
9
2
8
25
48
58
56
52
56
66
60
44
38
38
39
42
52
60
76
88
88
85
76
70
60
55
57
58
57
64
68
64
52
40
37
41
50
49
44
48
44
42
41
28
23
26
27
22
25
34
35
20
2
-1
9
23
29
37
41
43
48
44
43
51
55
51
43
41
49
54
52
48
40
27
16
20
45
75
87
75
58
58
69
80
84
85
81
71
60
54
52
55
59
64
64
56
43
39
40
40
38
24
16
29
58
58
24
-2
-1
19
36
48
54
48
35
21
12
19
25
21
12
2
-7
0
16
27
28
24
22
26
38
40
33
23
20
29
48
52
33
11
8
17
12
6
8
18
33
44
48
36
17
2
3
18
32
36
37
34
32
38
41
34
17
12
21
27
37
45
52
55
54
52
56
58
64
65
69
75
73
70
69
66
55
54
58
57
50
52
57
58
52
51
56
61
64
54
37
34
51
69
72
57
39
22
17
23
35
36
23
16
12
18
33
36
22
5
9
22
35
40
35
27
24
32
44
57
59
55
51
45
44
44
42
39
34
26
34
52
69
71
64
64
66
66
58
53
41
36
43
58
61
54
39
34
35
34
32
32
37
52
64
53
38
33
35
39
43
43
42
42
48
56
56
50
44
44
49
52
58
66
64
60
64
64
61
56
43
41
41
44
52
55
45
39
40
44
53
56
57
57
50
42
40
37
36
48
64
65
56
44
38
38
43
56
73
74
65
51
42
45
53
44
33
21
23
37
41
39
33
27
28
39
48
45
39
39
50
56
48
34
26
25
26
33
43
51
53
52
44
44
42
33
24
25
32
33
23
20
20
29
48
58
66
58
37
19
21
35
40
35
29
23
16
19
26
36
34
22
4
-8
-5
-3
-5
-2
6
11
19
22
13
11
16
11
11
23
32
25
19
20
24
34
34
27
33
