26
21
22
27
37
48
55
64
70
71
65
52
37
23
19
21
23
23
17
13
20
27
29
24
18
21
23
26
28
28
27
24
25
26
24
21
27
35
32
24
28
36
37
36
38
44
52
44
25
8
12
33
40
34
28
35
41
50
52
41
28
21
24
32
37
42
44
51
50
34
25
42
55
59
61
56
43
41
49
55
66
76
90
98
93
83
64
52
53
54
51
54
67
69
69
65
45
28
21
16
18
23
37
52
48
34
32
36
43
49
54
58
56
53
49
52
60
56
48
43
50
57
60
59
58
67
80
82
82
85
84
77
77
74
69
70
71
76
80
76
81
83
77
67
55
56
65
70
70
67
65
64
60
54
34
10
0
9
28
42
42
38
26
16
13
20
20
10
2
6
11
18
22
25
33
40
48
35
18
10
10
12
6
-1
-2
10
22
23
18
16
10
11
22
32
34
27
24
36
51
66
71
57
44
50
65
67
60
72
88
89
83
75
71
71
68
54
36
23
27
50
67
71
66
51
36
38
51
54
45
42
48
54
58
51
27
17
18
19
19
21
24
24
33
42
53
56
51
45
45
42
35
35
36
42
49
49
45
49
53
55
55
53
52
52
68
90
101
97
89
87
84
81
81
76
66
55
52
56
69
76
72
68
67
64
61
64
59
56
65
65
67
75
74
68
64
54
48
50
55
59
53
41
32
26
38
53
50
33
21
18
17
12
9
8
7
7
16
38
69
76
64
49
44
42
26
19
23
35
44
53
55
60
72
85
92
86
73
70
75
80
72
68
64
60
65
65
54
48
52
57
59
64
65
64
60
61
67
66
56
53
55
49
33
21
26
42
55
50
34
12
10
13
12
4
-5
-6
-1
6
1
-11
-12
-4
6
17
18
5
1
7
16
28
35
37
41
37
28
32
37
41
48
55
59
69
73
70
66
64
66
70
64
42
34
41
50
53
58
65
65
60
68
73
72
61
56
56
53
50
50
39
25
23
32
41
48
40
28
36
50
65
68
53
39
38
42
41
45
54
56
50
41
33
25
32
32
28
37
45
49
52
58
61
59
50
38
36
34
36
35
36
41
58
81
89
77
56
33
17
23
48
60
52
34
32
38
52
66
72
69
66
57
55
72
91
97
89
83
72
65
59
59
64
65
68
81
93
93
74
56
52
56
60
68
76
68
40
21
23
35
43
54
49
32
18
19
19
17
26
41
50
59
68
65
39
12
9
20
22
24
24
21
16
12
17
19
10
6
10
17
18
16
19
35
48
49
44
49
49
44
45
50
54
55
52
51
51
53
55
54
50
48
53
57
58
59
66
57
44
41
42
38
28
22
22
23
23
25
38
52
64
64
58
57
55
51
41
35
27
22
21
22
21
22
29
45
57
61
65
65
67
76
72
59
57
70
69
57
54
55
56
64
72
77
76
71
65
59
59
60
67
69
73
81
82
80
81
71
55
40
40
53
57
51
48
51
53
44
34
27
29
36
34
25
23
33
37
38
43
49
48
38
28
35
42
56
65
55
42
32
25
29
34
34
32
26
26
36
42
39
40
48
54
65
76
89
87
80
71
60
49
35
26
23
22
24
27
39
49
44
43
49
52
49
41
34
26
38
55
65
59
55
57
58
61
66
56
38
23
22
24
20
16
20
24
20
19
21
20
22
32
40
53
65
65
49
27
17
18
23
26
18
7
9
25
37
38
39
43
51
55
53
49
43
45
50
52
41
33
39
54
58
51
36
32
34
38
38
36
33
28
35
53
58
52
40
29
25
18
5
8
25
41
44
49
44
44
59
70
64
50
49
54
55
49
42
45
43
39
41
50
50
40
37
35
37
37
39
49
55
58
67
71
66
59
50
41
37
41
43
39
28
25
33
43
59
69
71
69
56
41
38
44
58
64
52
35
22
24
37
49
54
64
70
61
45
40
51
60
60
58
69
76
75
65
50
48
42
27
17
16
22
33
35
22
22
36
38
36
39
32
23
26
43
49
43
42
48
55
68
76
82
86
86
87
93
86
67
48
34
24
22
27
33
33
36
35
27
23
25
33
40
48
52
49
36
28
35
44
43
40
50
60
65
50
35
27
20
18
19
21
24
35
48
56
52
43
50
69
80
66
50
49
66
81
86
84
75
60
41
37
52
64
58
43
37
37
32
24
32
44
55
59
65
68
67
64
51
39
43
60
74
64
44
39
50
65
72
75
76
76
80
71
55
39
27
24
34
48
53
53
50
48
53
54
54
58
58
53
49
43
41
38
34
27
22
22
35
39
36
28
23
22
32
44
54
52
44
40
39
34
27
24
28
38
44
48
49
49
48
43
44
57
72
70
60
53
