67
69
64
52
40
32
37
54
68
66
59
55
52
52
48
44
40
41
44
39
33
22
22
37
50
45
38
36
40
41
34
26
39
50
50
51
58
69
70
66
54
43
35
35
40
51
52
41
33
35
42
38
27
27
36
38
41
44
42
41
42
42
44
42
27
20
24
27
25
24
17
17
23
35
44
50
51
55
66
75
74
65
53
50
43
43
53
53
51
52
54
50
48
48
36
27
22
20
37
54
59
58
51
41
36
39
57
66
55
52
59
66
66
67
70
76
87
85
81
87
87
70
52
38
41
56
70
68
53
38
26
24
38
52
59
59
56
48
40
51
60
53
42
35
24
17
21
36
43
51
59
73
73
60
52
49
48
37
22
24
39
45
45
54
53
48
48
56
68
76
71
57
55
60
58
48
39
40
48
51
41
27
28
38
38
36
42
58
73
74
70
70
83
88
80
65
53
51
54
53
51
53
64
70
68
59
50
36
27
26
27
32
42
54
54
45
28
19
24
32
32
25
27
41
60
74
76
73
73
84
88
74
52
32
22
20
18
22
24
18
16
20
28
32
21
16
20
33
49
57
65
67
66
51
33
22
19
21
35
45
40
32
32
34
33
32
34
34
34
32
26
26
36
51
64
72
74
68
58
57
65
72
75
69
53
35
36
43
53
51
37
24
22
28
53
72
69
64
58
56
61
77
86
82
73
59
51
44
45
45
49
49
41
45
56
58
50
38
35
49
72
87
74
56
45
42
34
21
20
28
37
40
37
33
39
49
52
58
61
56
51
41
37
40
50
60
68
61
50
41
48
48
34
20
12
12
16
27
38
42
54
66
69
61
52
48
49
48
37
27
26
43
50
38
29
41
48
36
23
20
26
29
26
25
35
52
68
75
69
51
33
26
36
43
48
49
50
52
54
58
69
72
61
56
59
64
60
57
69
81
88
89
80
66
61
60
61
58
52
48
44
49
51
56
58
55
49
49
53
53
36
20
33
54
57
45
28
29
44
51
45
41
44
56
56
43
48
68
87
92
93
88
75
65
65
84
105
112
93
70
58
59
66
65
58
53
51
43
37
36
39
43
45
45
44
52
64
73
74
56
41
41
49
56
50
33
21
23
29
34
27
24
27
35
48
49
41
34
32
37
43
39
33
26
26
22
22
28
27
19
16
20
26
27
34
38
34
28
22
11
19
27
32
35
35
35
29
25
19
8
2
3
7
7
7
8
10
21
25
23
24
28
34
27
28
36
44
55
72
76
74
76
76
71
54
39
38
37
36
43
59
67
72
80
80
69
53
48
48
48
50
55
68
68
60
55
52
51
50
42
40
45
54
59
60
60
55
49
50
59
69
60
50
52
55
50
35
28
41
49
43
34
18
16
24
26
26
27
34
40
36
32
35
33
23
19
20
24
32
36
40
40
37
27
25
24
23
22
20
16
22
45
53
43
37
37
27
13
7
0
-3
-1
8
10
11
24
35
36
22
11
18
24
26
33
32
34
41
49
50
48
52
64
61
56
40
24
24
32
37
40
43
51
57
68
85
98
92
73
54
39
32
29
33
24
21
23
26
28
22
20
39
60
64
51
44
49
57
60
52
41
34
26
26
32
32
40
52
54
56
60
64
61
58
48
37
34
29
27
26
20
22
35
49
50
39
25
21
25
39
51
57
50
38
38
48
53
55
61
64
65
60
56
44
32
32
41
41
28
20
28
38
40
36
35
44
55
59
55
50
59
74
76
67
60
59
59
57
48
45
50
43
40
41
42
44
44
50
60
67
69
73
68
44
22
24
45
61
67
67
74
76
72
68
65
64
59
56
52
40
36
49
68
82
87
89
82
72
67
65
64
53
45
50
56
57
40
24
27
49
48
34
35
44
53
59
66
60
61
66
69
67
59
53
52
56
58
58
60
59
56
48
32
25
27
22
19
26
38
51
57
68
81
86
84
73
59
49
38
32
22
18
19
25
35
50
66
81
82
76
72
71
65
48
35
39
43
38
23
12
26
51
59
65
65
65
64
71
74
57
32
16
16
16
9
8
10
16
26
40
48
44
37
33
38
48
48
38
26
21
29
35
36
42
48
49
56
64
60
52
44
49
60
72
83
92
89
80
66
58
58
58
56
53
49
41
42
53
64
75
75
58
39
33
44
55
45
36
37
42
45
43
38
40
49
55
52
48
57
64
51
36
29
27
27
36
40
43
55
59
53
48
53
60
65
66
70
65
43
21
12
21
38
59
70
59
44
49
67
82
76
60
57
59
50
42
44
43
33
26
25
33
36
37
39
29
21
28
38
37
33
34
37
45
55
55
42
32
24
19
13
8
9
19
24
