26
16
19
34
41
43
33
20
19
28
41
43
37
26
17
10
9
9
9
4
2
6
16
21
32
35
39
49
43
24
10
4
2
2
3
8
17
26
35
32
17
9
16
22
23
23
25
26
32
28
22
24
33
43
42
44
53
59
69
74
72
67
64
68
75
75
66
66
80
91
97
98
102
103
101
100
91
83
77
60
52
54
54
51
51
50
36
25
24
27
34
35
34
36
34
33
36
37
34
26
20
19
24
26
25
28
48
66
74
76
73
69
68
64
60
64
68
73
73
74
73
65
64
68
71
68
64
57
51
49
52
59
65
56
52
58
69
72
67
65
74
97
105
92
74
57
55
54
40
34
35
25
24
34
41
45
43
49
57
56
55
60
74
85
90
88
73
58
64
72
73
60
54
61
71
74
74
71
64
65
74
83
82
72
68
72
75
64
54
59
64
53
34
22
26
38
50
51
49
45
45
54
75
90
89
85
80
80
81
84
89
91
81
68
67
76
86
86
74
68
66
69
70
70
70
81
96
103
97
80
56
50
59
68
67
57
44
38
37
40
44
43
43
45
52
49
42
40
52
61
67
71
72
67
59
57
64
68
68
57
51
51
38
40
51
54
55
54
49
42
42
50
45
38
34
27
22
23
25
24
28
37
33
18
10
20
34
40
39
40
44
55
68
72
80
81
82
76
58
50
49
52
60
60
66
67
58
48
34
27
29
35
26
17
11
20
38
56
70
72
65
55
52
52
51
45
32
22
21
27
38
43
48
44
44
43
44
55
67
68
60
52
50
44
33
20
12
18
27
37
48
56
59
59
59
55
51
53
55
53
48
38
35
43
45
38
40
56
72
80
81
70
55
45
44
51
56
56
52
51
51
54
53
53
56
70
82
85
89
91
92
93
90
74
51
24
26
43
52
43
29
24
37
61
83
80
66
60
67
72
77
85
82
70
61
72
84
99
100
96
88
83
73
69
66
59
44
38
43
55
60
52
42
38
35
41
52
48
41
40
43
43
41
32
21
18
23
36
43
35
28
34
48
69
84
74
64
59
58
59
65
66
67
71
71
65
64
69
83
88
75
67
68
69
71
66
57
50
40
32
23
28
38
49
57
69
76
67
45
32
27
22
8
8
10
4
-1
3
10
20
27
35
42
45
36
26
29
41
44
36
26
23
21
18
19
23
25
27
37
42
49
52
49
34
27
34
38
32
18
9
20
40
56
66
57
43
37
40
67
87
84
69
51
42
44
41
50
69
76
70
58
57
68
75
75
66
64
61
65
65
55
39
32
32
35
37
41
41
36
36
38
34
28
32
23
11
4
3
7
19
24
29
38
39
26
28
34
28
13
-3
-6
-1
1
-6
-7
-1
-5
-5
-2
4
16
25
25
20
12
20
32
48
60
60
48
32
22
11
6
8
16
25
28
25
20
17
21
39
48
35
21
21
32
39
49
44
40
42
50
52
53
51
50
43
38
34
27
22
27
35
34
27
21
26
39
41
39
43
42
27
11
4
12
25
23
4
-7
-2
3
-3
-8
-17
-17
-9
-3
0
-4
-3
5
8
7
5
8
20
38
50
53
50
49
43
39
38
41
44
49
51
66
80
74
56
44
55
77
96
90
82
75
71
70
72
66
56
53
53
59
71
68
57
52
56
69
76
85
87
77
59
51
64
82
82
71
64
67
59
54
56
53
51
52
54
56
55
59
66
59
51
59
75
82
74
67
65
65
68
72
83
89
97
106
103
81
53
34
27
34
40
43
42
40
39
36
35
38
39
40
49
55
51
35
32
32
21
9
5
11
22
27
27
26
28
28
22
10
-2
-12
-14
-8
-3
-5
-4
4
18
28
38
37
29
32
38
50
60
66
67
74
82
73
67
59
45
35
33
27
19
11
20
27
33
28
25
25
28
33
28
26
27
33
41
51
48
41
49
64
71
69
55
40
34
25
21
19
24
40
54
57
53
39
25
21
23
25
33
37
44
55
51
32
18
25
53
71
72
65
57
51
54
60
65
55
41
26
9
8
28
54
64
60
60
65
70
75
81
81
85
91
90
89
96
99
92
83
70
59
58
60
59
55
54
64
71
74
74
74
72
73
76
80
70
58
48
36
41
59
68
69
74
75
66
52
44
41
37
38
38
41
52
56
52
44
44
52
48
28
17
10
19
34
44
54
65
68
67
57
49
60
82
100
105
102
98
90
85
84
88
89
82
66
49
25
11
16
33
48
56
61
66
67
71
83
96
104
107
99
87
80
67
68
71
67
57
43
38
34
32
28
32
39
42
37
26
18
22
38
55
69
72
60
52
51
56
58
64
74
75
60
49
39
36
28
27
35
48
53
57
65
73
85
92
103
118
