39
43
49
51
39
22
19
20
20
25
33
32
35
50
56
55
55
56
49
32
25
29
37
37
36
44
64
83
100
104
103
100
90
88
89
91
91
83
70
66
67
68
68
71
81
97
108
107
96
82
75
86
98
99
102
107
113
119
130
130
122
115
104
99
101
106
108
103
91
90
88
75
64
57
65
70
73
80
84
91
99
103
90
68
50
34
21
16
17
17
21
27
39
51
55
55
60
70
75
80
74
64
51
37
26
24
23
25
24
28
51
66
68
64
52
43
41
35
11
-5
-5
5
16
17
9
3
11
28
44
56
68
67
71
81
80
59
33
-4
-29
-19
-7
-7
-9
-23
-35
-29
-21
-7
2
5
-4
-18
-35
-49
-45
-38
-25
-29
-42
-42
-30
-24
-21
-17
-11
-9
-12
-8
8
19
17
21
19
9
10
21
27
36
39
45
55
64
65
66
68
74
74
69
57
42
41
43
44
49
54
64
71
76
85
87
75
67
61
73
86
86
82
81
86
105
118
118
107
101
98
93
85
84
91
89
85
86
86
85
88
88
91
96
90
82
72
71
72
74
69
57
54
59
70
74
77
85
98
106
115
117
122
121
120
112
105
104
103
92
72
65
80
97
100
104
119
123
109
83
58
67
93
106
98
74
55
50
59
77
88
89
96
90
81
69
68
74
75
57
38
44
64
73
73
54
35
38
50
50
34
24
44
71
77
57
34
24
26
12
-6
-21
-23
-10
2
16
29
37
42
42
41
37
27
20
20
28
33
27
21
17
17
26
35
37
37
39
38
32
28
28
26
27
37
55
68
71
64
58
67
84
97
93
83
71
55
33
11
6
10
11
7
7
19
28
41
55
60
69
71
67
65
67
56
37
26
28
33
28
27
36
42
42
42
48
45
29
18
13
24
33
25
20
28
40
51
54
49
44
51
60
73
73
67
59
58
66
65
54
41
37
34
23
3
-9
-9
-1
7
6
-1
-2
2
4
5
5
2
-6
-10
-6
-6
2
18
29
33
27
26
38
50
49
27
4
-2
5
16
10
9
19
40
52
42
28
22
18
17
12
4
2
18
34
32
17
5
7
8
12
22
33
41
54
59
55
49
38
32
32
34
41
56
61
59
52
48
41
39
39
43
38
38
41
36
32
34
36
41
60
81
83
74
66
58
65
72
68
56
37
23
25
33
41
58
60
56
56
52
48
43
49
57
64
60
57
57
60
65
67
72
74
75
72
72
81
97
103
89
76
73
77
81
76
72
71
81
93
90
82
90
117
134
133
120
103
90
90
89
70
53
48
42
37
37
39
34
24
19
22
36
37
22
11
18
32
37
39
41
49
56
60
60
59
66
66
64
67
69
68
64
59
59
56
58
70
76
70
55
49
50
53
51
49
35
18
7
10
20
23
26
41
52
48
39
32
27
34
33
24
19
19
26
36
36
35
40
55
67
68
65
58
60
70
71
59
49
37
26
27
32
26
23
25
29
28
28
37
49
54
53
51
52
65
72
74
80
84
76
71
70
60
44
35
32
25
26
22
16
20
40
58
52
34
19
11
12
18
27
34
23
11
7
8
18
24
29
27
28
38
37
37
39
40
40
33
27
34
40
41
42
38
44
56
65
76
88
99
102
90
72
69
75
73
60
43
37
36
39
40
37
29
26
35
49
56
66
69
64
51
45
44
45
49
53
58
65
66
52
37
28
32
36
36
32
24
20
18
17
23
33
34
38
42
44
51
68
75
77
86
87
72
49
33
29
36
33
28
34
43
55
56
43
36
33
21
16
20
25
21
17
11
13
19
17
6
2
10
26
29
24
22
26
26
33
45
54
56
52
51
59
67
64
58
59
55
56
73
85
73
51
42
43
39
34
27
33
49
70
89
93
97
101
98
86
73
64
51
48
44
53
59
50
32
20
32
52
68
71
68
60
58
65
71
61
40
37
50
67
73
69
64
69
77
83
74
68
67
65
59
61
68
69
65
60
69
67
51
43
42
41
39
34
35
44
60
80
83
71
54
44
43
48
48
40
36
35
37
51
66
51
24
13
6
6
16
12
-2
-5
7
21
21
20
26
43
58
65
57
50
56
64
60
58
56
60
66
56
40
32
34
40
41
37
35
40
42
39
21
9
23
40
44
40
38
37
20
-17
-43
-37
-1
25
21
9
12
32
43
49
52
64
66
58
57
70
86
108
131
133
122
117
114
107
114
122
118
104
112
133
154
153
139
129
124
117
102
92
98
101
92
75
59
52
56
66
58
42
38
45
57
71
80
71
58
38
16
0
6
21
27
23
25
33
36
40
43
44
49
57
71
75
71
60
52
38
44
55
56
54
55
54
51
51
43
32
19
12
19
18
10
2
-4
-7
-7
-6
-6
-17
-25
