28
32
33
36
32
20
11
8
7
8
17
23
28
37
43
50
53
54
48
40
36
34
33
26
16
7
21
37
41
37
32
35
39
39
38
36
23
5
-1
4
5
4
13
19
16
12
24
40
45
42
35
16
2
-1
3
-2
-18
-20
-10
7
18
18
20
21
21
23
35
48
49
38
34
43
59
65
60
52
37
37
54
64
72
74
66
68
74
59
53
66
72
68
61
69
83
108
128
117
86
54
20
-12
-18
-19
-43
-86
-130
-148
-123
-72
-39
-20
-1
13
27
36
37
35
49
70
73
58
53
56
65
80
89
89
73
56
50
48
40
35
29
12
-13
-23
-14
-10
-6
-4
-6
-14
-22
-26
-30
-22
-5
3
1
-3
-5
-10
-18
-8
4
9
17
21
26
32
34
34
36
37
34
36
49
60
69
68
58
51
54
52
36
26
27
34
41
49
50
50
55
65
60
59
71
76
80
70
50
34
25
28
39
44
49
65
83
84
70
58
56
68
76
74
60
65
75
85
85
75
67
67
71
90
106
92
81
86
99
105
103
92
85
84
90
104
113
106
99
90
85
81
73
65
58
56
59
68
65
49
44
64
69
57
52
65
83
96
99
96
81
67
56
50
52
57
54
35
17
19
33
39
41
44
44
39
24
16
19
32
54
59
59
67
67
66
64
53
48
48
51
51
40
34
41
55
59
60
57
49
33
29
50
71
73
58
57
68
70
59
52
43
49
65
80
87
89
88
76
65
65
66
68
68
74
85
82
68
68
88
100
84
44
6
3
34
53
35
4
-8
-3
5
11
19
20
12
17
28
33
40
56
73
86
84
64
42
44
48
42
44
52
69
97
116
137
140
132
117
102
96
91
92
83
69
58
44
34
38
59
82
71
45
40
56
61
66
66
64
66
51
34
43
68
82
88
89
97
101
87
71
61
51
23
5
12
24
35
50
57
49
35
32
36
50
49
42
57
75
82
77
72
76
92
96
84
58
35
27
44
67
66
51
49
56
59
52
40
36
37
36
32
43
59
58
58
72
91
85
68
58
54
55
55
44
43
58
67
69
87
89
83
81
88
97
107
121
137
220
344
407
400
375
361
356
355
349
337
309
278
243
209
192
185
194
217
211
169
128
108
98
83
71
76
92
101
100
92
80
55
50
55
55
39
28
19
19
8
-21
-46
-50
-38
-35
-41
-49
-45
-40
-22
-3
-2
-17
-39
-54
-67
-60
-42
-35
-42
-60
-74
-70
-57
-57
-54
-34
-17
-13
-24
-25
-20
-19
-20
-13
-14
-25
-20
-12
-19
-22
-22
-17
-6
-5
59
201
325
377
388
407
438
470
489
477
435
369
310
276
265
264
263
259
247
247
251
228
188
156
138
108
73
57
76
99
84
48
9
-17
-33
-37
-22
-8
-20
-42
-57
-74
-94
-115
-131
-120
-116
-126
-141
-142
-123
-126
-137
-136
-147
-158
-161
-145
-130
-133
-138
-133
-148
-151
-131
-97
-78
-98
-125
-141
-139
-130
-125
-115
-97
-91
-102
-106
-103
-89
-69
-68
-67
-42
-30
-37
-34
-11
-10
-24
-30
-28
-19
-19
-29
-41
-50
-45
-37
-25
-25
-38
-58
-55
-35
-19
-19
-21
-1
11
9
-4
1
34
64
60
54
75
90
96
98
71
39
21
25
39
54
60
54
45
49
58
59
57
41
5
-27
-11
34
69
71
53
42
49
57
70
80
97
115
122
113
109
121
140
162
178
187
181
165
156
157
164
160
140
119
118
123
129
131
135
150
172
186
184
176
167
163
166
165
160
149
134
120
115
112
100
81
71
71
75
77
77
74
67
67
75
76
69
56
49
38
28
36
45
50
41
36
40
51
52
50
41
41
51
49
42
39
36
39
44
55
50
41
40
35
23
19
18
8
-6
-20
-11
6
19
13
-4
-18
0
27
43
49
45
52
61
67
56
40
40
52
45
7
-45
-73
-45
7
37
26
0
-14
-4
0
-18
-34
-38
-43
-39
-42
-53
-51
-43
-36
-26
-10
8
18
3
-8
4
37
43
25
19
33
43
41
35
34
33
40
55
65
67
70
68
58
44
38
35
36
39
39
45
67
72
65
64
89
169
263
294
272
256
268
291
298
291
269
245
216
204
204
195
173
156
162
176
183
181
176
166
145
122
117
128
145
153
138
103
74
76
99
102
86
68
56
40
24
17
9
3
4
6
11
17
16
32
57
52
24
6
-8
18
52
28
-17
-36
0
53
90
80
6
-49
-39
-25
-55
-91
-86
-59
-51
-83
-187
-300
-334
-332
-340
-358
-389
-434
-466
-454
-405
-345
-295
-270
-245
-190
-156
-281
-483
-595
-595
-550
-518
-529
-555
-563
-517
-444
-376
-314
-274
-249
-233
-218
-202
-181
-151
-125
-98
-66
-36
-9
9
27
37
27
11
3
26
76
107
117
117
118
114
109
112
118
119
109
105
105
113
136
173
233
306
355
389
417
436
458
475
470
440
405
375
354
342
338
332
326
313
309
298
265
214
182
179
186
188
188
177
160
153
152
146
141
145
144
