121
128
124
123
123
119
115
116
113
104
92
97
113
120
120
114
98
85
91
104
104
82
56
48
48
50
55
55
45
35
36
48
65
75
76
72
82
96
105
92
67
44
40
43
52
56
56
49
38
36
37
44
56
54
43
42
56
75
88
90
81
73
76
80
68
54
41
40
42
48
53
58
65
64
56
59
58
54
77
194
355
459
470
451
459
499
532
534
501
379
156
-29
-110
-129
-135
-150
-161
-156
-145
-120
-93
-73
-59
-55
-65
-77
-91
-103
-105
-101
-84
-52
-37
-40
-51
-52
-42
-39
-42
-41
-34
-26
-21
-18
-25
-35
-28
-22
-21
-24
-27
-23
-11
-8
-5
6
26
40
37
26
28
23
10
8
10
19
34
39
32
34
41
49
50
51
53
45
38
45
66
69
43
21
21
35
38
33
18
4
-3
3
9
5
0
2
5
0
-3
2
7
2
-4
-2
5
8
8
9
8
8
13
27
34
26
20
18
21
27
24
16
16
24
42
57
67
67
68
71
66
50
35
34
44
61
80
84
73
66
58
70
88
91
75
59
51
54
68
74
65
51
50
50
49
43
44
58
72
72
64
72
88
98
88
73
71
73
81
89
97
103
101
102
102
98
100
100
90
88
85
71
56
53
57
61
58
60
141
327
475
514
489
486
517
545
539
502
448
378
315
256
180
65
-56
-115
-117
-124
-169
-231
-273
-274
-238
-188
-141
-102
-75
-66
-69
-85
-107
-122
-117
-92
-67
-44
-33
-26
-22
-24
-28
-33
-26
-11
5
16
2
-7
-5
0
9
16
11
21
26
18
11
28
49
57
51
36
24
24
27
24
22
25
32
28
22
22
21
23
27
37
44
43
41
42
42
39
35
29
24
13
22
33
32
26
24
17
16
32
54
54
36
26
32
25
10
-9
-20
-8
12
43
66
59
41
28
36
37
21
4
-5
36
153
256
284
292
324
363
384
378
357
330
298
265
253
272
299
314
305
274
260
268
273
249
225
213
212
218
229
233
231
229
216
198
186
194
200
196
179
167
167
166
151
130
104
102
113
124
136
120
98
106
128
135
129
96
55
32
11
-8
-52
-100
-118
-122
-130
-138
-145
-150
-168
-189
-189
-169
-157
-156
-163
-162
-154
-141
-132
-133
-136
-137
-135
-130
-124
-125
-124
-115
-100
-81
-75
-75
-73
-58
-50
-51
-54
-49
-42
-53
-67
-61
-51
-37
-21
-10
-17
-29
-39
-35
-28
-28
-24
-21
-22
-23
-25
-29
-25
-8
4
7
8
11
12
11
5
-2
-7
-5
-6
-6
-7
-2
3
8
17
39
68
85
76
64
73
97
105
100
91
88
92
98
85
68
54
54
59
60
51
43
50
58
66
70
69
60
55
58
58
48
34
28
38
42
43
39
35
36
32
22
12
6
8
22
34
25
18
32
49
53
52
56
64
58
56
56
51
42
36
21
8
5
16
33
39
51
67
76
75
76
85
80
68
56
51
53
60
55
40
26
19
17
19
25
35
35
24
18
19
27
42
49
36
3
-18
-6
19
36
25
3
-7
-4
-3
-8
-25
-42
-50
-44
-57
-76
-68
-54
-65
-67
-58
-55
-43
-8
16
10
5
7
22
39
44
51
65
68
60
58
59
60
60
57
65
70
67
64
54
48
44
49
45
41
42
51
60
68
70
68
64
64
60
65
74
82
84
83
75
64
45
42
55
73
76
67
60
65
83
105
106
105
122
146
157
154
151
161
166
166
152
132
116
105
107
117
109
96
84
81
69
39
17
5
7
20
35
44
49
48
42
44
53
56
49
29
12
2
3
3
-6
-17
-19
-12
-2
8
19
35
39
25
11
3
2
5
16
22
22
24
25
32
38
42
49
53
54
59
60
64
66
68
70
68
61
64
72
70
61
53
56
66
69
65
70
71
65
58
65
71
82
85
76
73
76
84
84
76
81
96
96
81
71
59
38
20
13
19
33
40
48
64
71
66
66
72
73
58
50
57
68
69
59
49
41
49
57
68
88
99
84
66
56
60
68
60
53
54
64
66
55
38
33
52
70
52
27
36
53
57
49
44
41
33
19
8
6
13
32
40
36
33
33
25
17
19
33
43
55
58
54
44
38
38
48
57
65
55
43
43
57
67
57
49
53
68
80
76
68
56
49
50
53
49
51
65
75
76
64
55
66
75
71
53
29
25
40
55
59
52
42
53
70
82
83
76
72
71
68
58
49
43
42
24
12
26
53
64
60
58
59
65
66
53
40
36
35
37
48
61
58
49
53
81
91
86
90
98
86
82
91
100
91
74
57
53
65
75
81
75
60
53
56
68
68
56
48
39
26
12
1
10
44
75
96
92
88
88
106
180
264
308
315
308
325
349
344
316
292
275
246
217
197
189
196
203
198
188
177
169
163
148
108
64
49
70
88
82
59
42
41
50
53
44
27
33
51
53
29
10
0
-7
-8
-7
-4
1
4
-3
-11
-14
-21
-23
-18
-6
-1
-4
-13
-28
