56
37
26
32
40
43
42
38
28
27
33
38
42
50
57
59
54
45
45
49
48
41
38
34
32
36
37
22
9
9
27
43
43
36
32
45
54
52
42
36
37
44
50
44
42
41
37
26
9
8
21
34
43
49
36
21
21
28
29
24
19
8
1
0
-1
-1
-2
5
12
12
12
8
7
9
8
10
20
19
7
-2
-9
-14
-13
-9
-5
-11
-18
-12
-5
0
-3
-4
0
-5
-12
-17
-10
-1
7
17
35
44
36
20
17
17
19
23
40
50
49
50
44
50
76
102
106
102
108
117
119
122
123
117
99
76
68
73
81
82
84
84
88
103
105
92
81
75
87
97
100
97
82
66
56
66
67
55
54
72
92
96
83
67
52
36
22
26
56
73
69
53
26
-5
-14
1
10
1
-22
-39
-35
-24
-18
-17
-12
-23
-40
-44
-44
-50
-50
-40
-33
-19
-23
-38
-44
-41
-28
-11
-1
1
-8
-9
-3
3
0
2
12
19
8
-3
-3
5
16
24
26
17
5
2
7
20
32
26
11
4
8
18
22
24
20
20
26
26
27
34
36
26
18
17
24
36
40
25
9
9
25
49
56
57
57
66
72
72
68
72
87
89
70
55
57
66
66
53
43
44
45
37
22
21
34
35
22
11
5
-1
4
13
26
37
38
39
41
36
24
22
22
10
2
0
7
10
7
2
-4
-5
-1
-1
1
4
1
0
12
26
32
27
20
23
37
49
51
44
42
41
44
57
81
88
72
53
44
42
42
42
49
57
75
93
105
106
98
81
64
60
65
57
48
39
38
43
43
34
22
32
51
71
75
61
51
51
54
59
68
60
41
28
29
38
48
45
42
39
32
24
20
35
55
58
38
16
4
12
32
38
29
18
9
9
20
36
42
35
24
26
32
33
35
34
32
28
21
25
39
44
39
36
34
34
26
8
2
13
25
25
18
19
26
37
51
61
59
45
32
24
25
37
45
43
34
18
4
1
0
-2
-2
6
29
53
70
82
83
55
18
-5
4
37
71
89
82
70
81
100
106
104
98
88
85
81
73
68
71
71
61
52
49
53
51
35
24
32
37
39
36
27
20
8
4
4
7
6
4
8
24
28
21
16
16
26
42
54
53
48
44
45
40
34
28
27
29
33
28
25
28
44
56
54
50
52
55
54
52
49
45
51
61
70
61
52
50
54
50
38
27
26
28
22
18
17
7
3
3
-1
-11
-10
2
19
37
48
44
42
39
40
48
50
48
41
27
19
27
41
42
36
33
41
55
60
64
65
68
67
69
74
71
65
69
68
57
53
57
67
75
87
99
100
82
68
69
80
83
86
85
68
49
44
49
48
44
43
51
56
49
29
11
-3
-5
6
18
19
21
27
40
55
67
57
39
27
28
32
24
21
20
24
35
49
59
69
81
85
71
48
23
8
17
33
39
35
20
7
3
5
17
17
24
20
0
-6
10
33
52
77
70
32
33
85
119
115
85
57
52
71
112
123
100
84
82
66
64
76
97
105
98
83
74
82
96
106
96
67
52
53
66
73
69
64
57
45
23
8
23
44
52
39
25
25
28
27
22
19
23
36
36
19
9
10
10
5
2
6
18
12
-6
-20
-9
2
10
17
8
-13
-36
-45
-52
-45
-33
-27
-37
-40
-37
-26
-9
3
8
2
-6
-8
-6
-7
-11
-11
-6
-4
-9
-18
-23
-19
-6
2
10
22
26
21
17
17
18
21
27
34
32
24
21
22
32
44
60
70
70
68
56
42
42
56
72
75
70
70
76
87
96
91
84
87
87
80
72
71
69
71
72
64
54
64
85
104
108
107
99
87
90
89
83
82
80
75
71
54
36
37
48
45
41
51
67
75
83
85
83
82
84
88
88
80
70
66
70
75
88
92
90
88
96
98
101
86
55
36
35
44
57
56
51
49
49
59
81
82
60
44
41
37
28
26
32
35
42
51
56
66
69
71
73
72
68
59
48
40
43
50
64
71
60
53
49
52
64
77
90
100
104
106
104
102
99
96
91
86
90
104
106
100
88
93
104
109
113
120
118
106
88
67
44
36
27
20
21
28
37
48
53
49
23
-12
-30
-12
13
25
22
20
23
35
48
59
70
73
69
56
49
40
39
45
58
70
86
88
72
57
49
41
49
55
50
50
60
68
64
56
54
54
55
68
74
65
56
54
57
70
81
86
74
61
58
66
72
73
69
65
72
88
99
97
92
93
88
86
90
98
103
104
99
98
93
86
70
61
64
66
70
72
73
83
92
93
86
84
83
76
76
82
87
84
61
37
20
20
33
37
35
24
17
25
38
41
43
42
37
33
38
56
68
76
82
70
66
73
82
72
64
51
41
44
51
51
56
64
64
55
45
38
40
55
66
54
25
11
29
49
52
42
33
37
42
36
33
32
24
18
