53
39
26
19
21
35
40
40
32
24
37
52
65
60
54
49
38
21
6
-2
1
5
5
5
9
22
44
60
65
60
54
40
28
24
20
20
16
11
8
9
23
39
39
26
20
21
32
36
36
37
28
20
20
32
39
44
54
59
56
52
52
55
55
64
72
82
83
76
71
73
83
83
70
65
67
70
73
73
69
70
73
75
74
68
58
60
70
71
67
64
60
55
51
50
51
52
44
25
16
27
55
65
54
44
36
32
23
16
21
37
42
37
34
32
34
50
72
89
93
85
68
52
51
57
71
83
83
77
68
48
37
35
33
26
18
8
3
13
38
56
50
32
21
20
25
36
36
34
34
28
21
18
25
33
37
41
44
45
49
48
37
33
24
18
19
26
28
32
28
18
13
25
34
21
-4
-18
-8
1
6
8
17
32
44
48
44
42
49
49
40
36
39
48
44
32
18
20
34
37
27
23
37
66
81
74
64
58
68
82
87
77
65
55
58
67
67
56
53
57
56
53
51
52
54
49
38
32
33
28
22
18
22
26
22
16
16
19
26
37
39
26
16
11
20
33
36
25
17
7
7
19
35
49
53
50
42
44
53
58
56
49
38
22
12
21
37
52
57
59
54
48
41
43
42
37
32
36
37
37
39
29
17
6
11
22
25
23
11
2
2
8
16
19
12
7
2
3
16
35
53
56
49
40
42
42
42
43
39
38
42
50
56
50
28
9
-9
-13
12
55
77
85
81
74
83
101
99
83
70
70
76
70
52
41
43
51
54
48
41
49
55
56
57
67
74
61
43
38
42
51
57
53
42
49
66
76
76
67
65
68
69
74
89
105
101
87
86
97
101
98
87
82
83
83
85
96
92
69
45
48
67
86
89
89
96
98
98
92
85
82
84
86
84
72
65
66
61
56
57
57
53
48
55
67
68
56
42
42
43
39
37
36
32
32
39
43
38
37
52
66
68
55
49
53
66
71
66
52
48
59
74
80
74
75
87
96
97
98
96
98
100
97
92
99
104
89
70
60
61
64
49
28
16
8
11
24
34
37
40
38
42
57
66
60
61
67
82
92
84
66
59
71
85
91
100
105
108
107
106
104
102
93
85
75
71
81
90
89
83
71
67
70
75
65
37
22
37
52
49
32
20
20
36
49
44
32
19
16
18
17
13
9
7
12
27
29
16
7
11
21
17
17
25
32
28
26
32
28
33
32
18
4
9
19
12
12
25
38
38
33
27
26
28
29
34
37
40
49
48
40
37
43
56
60
49
34
27
35
43
56
69
83
88
87
84
75
80
85
82
73
71
65
57
53
49
48
53
66
61
55
53
54
61
72
65
52
44
44
40
33
28
27
28
39
43
34
22
21
22
16
10
20
28
26
25
26
37
51
56
56
58
54
40
32
34
40
48
51
49
37
29
35
39
34
26
28
37
40
37
28
25
28
44
73
85
75
57
38
25
22
22
27
28
24
17
0
-8
-7
-2
2
5
7
9
6
2
-4
-4
4
20
28
24
25
28
28
21
11
10
11
16
20
26
27
22
20
24
27
20
11
8
19
33
36
34
29
27
22
7
-1
-2
2
7
19
27
21
5
-4
-2
6
5
5
12
18
13
13
20
25
38
50
52
52
61
73
80
82
84
90
90
86
76
66
57
54
57
56
50
52
60
65
54
41
39
49
55
55
48
34
24
22
24
34
39
50
61
65
52
37
33
34
37
44
52
49
45
50
43
38
37
43
52
57
58
55
51
57
56
52
51
48
50
65
84
89
74
52
40
48
56
58
56
56
56
60
60
58
66
64
53
57
74
80
74
70
60
45
35
28
25
33
50
56
49
35
27
29
39
44
41
36
29
25
19
11
10
11
4
-13
-19
3
25
23
12
10
13
26
40
44
38
38
41
38
33
33
36
40
50
67
81
87
88
81
68
65
65
65
61
56
48
26
9
4
7
17
26
36
41
51
52
39
25
12
12
26
36
29
25
33
52
59
53
39
32
35
49
58
52
44
49
53
52
35
12
8
21
26
24
24
24
25
27
36
41
36
28
26
33
35
27
17
12
10
9
4
-1
-3
4
19
25
23
21
25
34
35
29
24
22
27
33
35
34
26
26
34
40
38
34
33
35
35
28
20
12
8
6
6
18
35
56
76
84
80
69
59
58
52
36
26
29
39
51
54
58
53
38
28
28
36
50
83
104
100
92
85
75
76
86
100
118
144
161
166
162
160
177
186
182
182
187
185
188
202
214
218
218
221
230
233
232
220
217
228
234
228
209
197
201
224
232
218
198
181
165
154
138
119
107
108
119
107
80
67
70
77
76
67
59
60
50
23
3
-17
-33
-38
-39
-41
-43
-59
