22
22
25
26
22
17
23
25
25
32
41
53
57
53
48
44
42
48
53
56
58
59
65
66
60
49
34
25
23
28
40
40
33
22
23
40
57
66
69
71
68
58
51
48
42
35
22
9
16
23
24
21
10
20
44
71
83
77
69
68
74
75
71
64
49
35
29
38
43
41
48
60
70
72
74
72
71
69
71
80
72
56
41
40
39
25
21
27
38
48
45
42
40
25
13
11
17
20
26
37
48
55
58
65
71
75
61
38
26
22
18
13
6
1
4
16
25
32
36
40
51
67
75
61
42
35
32
37
43
42
41
35
32
33
38
38
39
54
68
71
69
58
48
37
26
21
21
11
-5
-18
-22
-17
-4
-4
-20
-33
-28
-23
-22
-20
-22
-25
-18
-6
-4
-5
-5
4
17
24
28
21
8
1
-2
-1
-6
-19
-22
-23
-17
-7
1
4
12
18
8
2
7
29
54
64
60
70
85
103
120
120
109
106
103
101
107
121
129
135
154
163
167
170
168
166
164
165
168
169
163
151
149
162
177
181
172
160
149
136
120
108
116
118
109
103
101
92
86
88
100
93
74
60
61
68
61
56
52
43
42
40
37
33
33
34
29
26
38
55
66
55
37
24
20
21
18
10
5
-1
-12
-19
-20
-11
4
9
5
2
7
16
12
6
5
10
20
23
24
28
33
39
51
59
57
55
52
45
37
22
9
18
33
42
49
49
64
64
54
48
38
40
42
40
37
36
41
64
93
108
88
43
-8
-50
-45
-20
-10
-25
-50
-71
-68
-40
-3
12
-6
-25
-34
-44
-67
-83
-73
-54
-45
-49
-42
-30
-22
-27
-43
-53
-54
-46
-38
-34
-25
-8
5
10
6
11
37
64
67
57
64
73
82
81
69
53
34
28
40
54
70
68
48
34
37
52
64
57
44
43
58
70
70
74
68
51
37
39
53
65
61
56
51
51
53
51
52
52
49
51
55
65
73
85
91
87
71
60
57
45
33
34
39
38
34
27
33
44
51
54
50
39
42
48
41
37
39
40
40
41
49
52
52
54
59
64
68
72
71
70
70
65
60
64
66
68
70
80
91
91
80
69
67
66
76
90
92
86
84
86
77
66
64
84
103
100
98
101
104
103
98
103
118
122
107
86
74
85
99
99
91
86
76
66
57
64
75
83
87
83
60
44
43
49
58
72
83
71
49
59
87
100
92
65
50
66
76
68
56
50
64
93
101
80
50
27
27
43
71
93
96
86
83
77
89
108
97
54
36
36
34
34
34
37
49
60
57
34
-8
-42
-56
-68
-83
-101
-107
-88
-70
-59
-69
-98
-121
-124
-113
-93
-82
-77
-69
-56
-51
-40
-26
-24
-27
-38
-52
-58
-36
-1
6
-6
-18
-18
-14
-17
-24
-33
-29
-12
5
19
39
66
89
109
113
100
99
113
118
108
87
65
58
68
74
74
72
65
54
49
50
57
61
58
56
60
70
76
74
67
64
65
57
44
34
24
18
12
8
-10
-33
-43
-59
-74
-85
-98
-104
-114
-115
-102
-84
-70
-60
-49
-34
-17
9
39
57
60
57
55
56
54
54
54
48
40
36
40
58
85
96
92
87
88
99
105
108
112
122
144
161
165
154
135
119
119
123
125
132
137
144
138
137
144
150
147
131
105
91
98
103
96
82
80
88
101
103
96
91
100
107
120
139
156
169
177
185
198
204
202
203
199
182
167
169
179
169
146
134
136
136
128
112
106
107
96
92
102
107
104
100
97
89
72
58
57
49
35
29
26
24
27
32
26
28
38
37
22
4
-10
-14
-5
11
20
17
19
34
50
60
65
67
75
84
81
75
72
67
56
50
38
19
6
5
16
24
27
25
25
35
43
41
28
17
26
40
37
23
10
5
5
20
48
59
49
26
8
-6
-14
-10
-2
4
7
16
28
42
48
45
48
45
49
53
57
56
42
35
34
37
38
33
28
26
17
10
12
13
16
22
36
45
44
36
36
52
70
72
66
56
54
55
55
58
66
67
55
44
38
40
54
66
66
65
55
41
40
51
55
44
40
45
58
66
52
34
22
21
27
36
29
23
22
20
17
21
27
34
36
36
35
32
28
33
35
41
53
60
65
60
54
51
44
39
37
39
50
51
42
27
26
29
22
20
18
17
17
17
25
35
43
52
44
28
12
10
11
17
10
0
-5
-3
2
10
23
35
45
54
56
55
54
53
45
42
49
50
57
69
73
69
64
67
73
66
54
52
55
49
37
23
17
16
10
12
18
26
40
52
56
56
60
71
71
60
36
17
20
34
34
23
22
32
40
50
64
77
76
72
73
85
86
60
37
42
68
73
55
49
60
60
60
64
65
81
101
114
120
116
99
80
74
81
80
75
71
71
71
71
71
74
71
52
34
28
28
22
17
5
-9
-14
-3
10
12
8
9
16
24
27
27
28
23
10
5
0
-8
-17
-13
