33
40
44
51
59
71
82
85
73
54
37
33
34
32
17
3
1
7
21
28
26
23
11
12
25
37
40
49
60
59
56
68
87
89
73
48
27
22
19
12
12
11
7
17
39
55
54
48
38
40
51
53
44
42
42
50
60
70
73
58
42
33
35
38
39
38
43
54
54
50
43
41
42
50
55
58
59
65
69
68
73
76
68
64
67
64
55
52
49
37
23
19
20
23
27
27
29
40
56
64
59
55
55
60
73
89
99
90
72
61
65
73
86
92
84
72
70
71
65
52
50
53
59
51
20
-9
-12
-8
-10
-26
-38
-25
-3
19
38
54
58
44
26
19
19
11
7
6
2
5
17
26
27
33
42
41
34
37
49
54
45
24
12
20
26
32
26
23
28
43
52
55
54
41
24
11
5
3
8
20
23
21
28
51
73
82
85
99
117
136
146
132
123
124
134
140
148
151
145
133
132
146
154
146
130
124
121
109
84
61
50
40
28
22
19
13
19
38
49
56
58
52
52
53
43
16
4
6
13
25
44
55
52
58
90
102
84
70
75
87
97
106
102
72
48
38
43
52
55
49
38
44
73
109
138
146
135
132
131
114
90
83
101
132
150
152
147
132
118
115
115
105
91
83
81
86
98
98
82
69
68
64
42
21
17
25
16
-14
-42
-43
-36
-35
-49
-61
-71
-75
-77
-86
-87
-71
-56
-43
-35
-29
-41
-54
-55
-39
-13
-1
1
6
21
33
41
52
64
66
60
54
48
45
51
54
56
64
66
60
55
43
37
37
40
40
37
39
44
48
50
56
58
49
41
48
57
58
50
50
48
49
55
58
57
60
67
72
71
60
52
38
37
49
58
67
73
75
74
71
65
56
51
44
48
52
55
49
48
54
58
54
52
50
48
42
33
21
20
22
19
11
11
20
27
34
40
50
51
43
35
25
22
11
1
3
9
2
-5
-3
-1
2
-1
-8
-12
-11
-8
-3
3
4
3
11
26
40
45
41
41
42
45
45
33
13
4
4
16
20
22
26
28
29
27
23
26
50
72
88
88
75
67
67
72
76
72
67
64
65
64
58
60
65
51
28
21
23
34
43
33
-8
-38
-18
18
21
0
-21
-19
1
16
27
55
80
81
73
73
81
84
77
82
90
96
96
100
106
102
96
88
98
128
145
144
130
128
140
150
144
128
104
96
102
99
88
87
97
99
96
92
102
114
121
116
104
91
84
76
66
52
49
55
59
64
55
55
61
60
60
70
72
64
51
41
40
41
49
57
67
68
66
70
76
87
91
84
71
76
88
89
74
57
54
57
55
52
53
53
38
20
8
8
11
10
8
5
4
3
8
19
41
69
72
37
-22
-70
-71
-37
-2
9
-1
-14
-26
-9
32
51
37
23
17
20
27
25
17
6
-3
-6
9
37
37
5
-14
-8
2
1
1
8
22
25
17
1
-5
1
7
17
35
49
55
58
60
57
59
72
83
83
76
72
74
80
80
74
74
84
96
99
91
82
80
87
93
87
72
61
65
68
73
87
100
97
87
92
102
103
100
96
96
102
115
115
102
89
86
91
91
92
98
97
89
90
89
87
88
91
93
84
75
76
80
80
73
60
56
66
80
75
69
71
85
99
109
105
88
80
84
90
107
128
139
147
154
167
185
197
196
194
194
198
202
205
204
196
177
151
136
129
123
120
117
114
112
114
104
86
76
84
105
117
116
106
98
98
106
112
109
109
112
105
98
83
68
64
59
57
64
75
86
100
112
114
105
88
76
75
72
70
59
44
51
76
84
55
17
0
8
23
43
69
70
38
12
12
25
33
28
28
34
38
49
64
80
81
69
57
44
34
23
19
24
29
22
4
3
16
19
19
20
21
20
18
18
23
34
41
50
50
39
25
10
4
-1
-7
-17
-29
-37
-29
-17
-6
-7
-8
-5
2
5
1
-3
-2
-3
-9
-10
-2
2
2
-2
-7
-10
-5
5
8
5
0
0
8
20
27
34
40
37
26
17
11
10
13
22
23
20
19
24
26
23
21
18
22
34
39
37
34
33
40
42
37
28
12
5
9
13
7
3
0
5
17
24
32
32
26
20
11
9
12
25
38
38
33
36
42
49
49
50
43
38
32
22
17
6
3
9
16
11
17
35
44
40
27
13
6
-1
-3
-4
-7
-13
-19
-19
-21
-23
-21
-8
3
3
0
6
18
22
12
4
2
7
5
-2
-11
-22
-30
-29
-25
-25
-33
-33
-28
-21
-17
-26
-36
-38
-39
-41
-42
-38
-27
-11
11
24
28
34
29
23
16
4
-9
-21
-13
-3
0
1
-5
-25
-37
-28
-20
-20
-27
-49
-56
-43
-36
-41
-42
-27
-1
17
16
3
-5
-14
-22
-20
-18
-19
-10
2
12
25
21
7
10
38
58
60
51
28
13
11
27
41
54
61
56
42
35
39
49
36
9
-1
7
20
22
19
11
17
