32
22
19
24
32
36
41
41
37
28
24
28
23
12
7
5
3
6
11
24
32
27
21
23
35
43
44
49
49
50
54
58
59
57
54
50
56
58
59
68
72
55
35
32
36
40
37
33
33
33
34
41
55
66
68
65
57
59
59
53
54
68
83
87
82
76
81
70
48
34
38
50
57
49
33
28
35
43
50
54
58
57
57
65
67
66
70
74
81
82
70
58
51
48
51
53
49
51
59
72
76
73
66
59
57
58
58
51
41
40
54
55
36
24
44
71
71
60
50
44
53
64
66
67
71
83
83
70
57
52
50
52
59
64
49
41
53
60
59
56
41
12
-7
7
38
60
70
59
45
41
49
82
105
93
40
-18
-52
-61
-57
-34
-18
-24
-29
-13
16
33
25
27
58
83
72
52
35
24
18
8
1
7
27
40
37
29
16
5
11
18
20
26
29
23
12
9
12
20
12
-12
-27
-28
-25
-21
-18
-8
3
19
38
37
25
19
25
40
45
34
23
27
37
38
36
45
61
70
77
88
108
152
187
203
205
215
230
229
224
216
210
205
197
184
172
176
180
171
160
152
145
128
108
101
96
92
98
98
93
92
85
76
66
57
54
48
37
25
21
23
28
39
44
49
56
72
85
96
98
102
115
104
89
87
86
67
36
27
32
28
26
36
48
42
32
35
44
44
29
17
19
24
20
17
16
8
3
3
8
25
50
72
84
82
69
59
58
70
83
87
84
83
83
76
70
67
71
87
89
71
64
66
66
58
50
38
36
33
32
32
33
33
25
26
41
52
55
51
45
54
61
56
43
36
35
36
27
17
9
5
0
2
20
38
43
43
41
43
40
27
9
-3
-10
-7
8
22
27
24
27
36
48
52
52
64
84
89
80
64
53
60
70
72
70
71
74
75
74
71
65
50
37
34
32
36
36
23
10
12
25
40
45
37
27
28
37
40
37
27
21
36
54
49
18
-7
-8
5
10
1
-10
-25
-34
-26
-13
2
6
2
1
2
-3
-7
-11
-19
-21
-19
-10
4
19
23
26
29
27
21
25
35
36
34
32
33
36
40
35
32
39
61
83
83
67
55
53
55
51
40
33
29
28
33
23
7
4
16
29
32
20
11
12
20
18
12
16
12
11
12
8
2
2
6
4
-3
-12
-11
-6
-5
-2
6
13
27
48
60
64
58
59
60
60
65
64
59
54
42
39
38
43
45
37
33
39
50
55
53
53
58
68
68
59
52
54
58
57
57
69
76
70
64
58
55
50
50
54
52
43
34
26
23
34
43
52
52
42
41
43
41
48
58
73
85
77
57
44
50
56
58
44
25
21
34
55
75
84
86
90
98
86
68
60
60
64
70
81
89
84
71
66
66
70
69
66
68
70
72
71
70
70
70
58
49
53
64
68
65
59
58
67
80
84
72
57
54
50
42
33
28
37
40
35
28
33
35
35
44
60
68
65
58
67
74
70
64
58
59
65
64
56
40
32
37
50
50
36
26
36
44
53
53
49
44
45
48
41
39
43
43
35
22
9
8
17
24
35
42
43
43
50
64
71
70
64
58
51
42
42
43
54
60
69
73
72
69
66
60
57
60
54
49
49
50
48
43
40
42
64
88
91
82
67
57
56
65
67
54
39
35
37
41
48
44
51
57
54
38
28
28
32
37
36
39
49
50
42
33
23
25
34
44
51
54
44
26
11
4
6
24
44
48
45
50
48
25
1
-8
-6
-1
-6
-13
-13
-12
-13
-18
-9
-4
-13
-22
-17
0
17
24
22
20
29
45
52
40
39
41
39
37
27
24
22
20
19
18
22
35
39
38
42
52
60
68
71
72
64
53
45
43
40
42
48
48
44
51
50
37
19
7
13
34
48
54
54
50
42
38
28
16
6
10
27
41
37
32
24
18
16
18
22
35
51
67
75
81
80
74
69
64
60
59
58
53
41
40
52
69
83
85
73
60
51
42
40
39
34
26
18
17
24
35
39
40
44
43
44
48
38
33
33
36
34
27
35
42
34
1
-21
-13
-5
1
0
-7
-11
-6
3
2
-4
-6
-3
-1
-12
-35
-38
-13
16
22
20
33
48
52
53
53
52
52
40
27
29
39
43
41
32
17
6
6
9
4
3
5
10
19
19
8
0
-6
-6
-1
4
5
12
26
27
21
16
7
6
8
10
16
12
16
21
28
38
41
42
50
55
55
53
52
56
68
67
53
41
43
57
65
73
81
80
70
59
45
34
19
20
32
37
35
39
54
68
72
66
64
66
73
76
72
52
42
48
56
55
35
12
9
21
41
60
60
37
18
29
50
51
48
54
68
68
56
44
28
23
40
67
83
86
82
70
59
54
49
48
56
67
69
57
50
54
58
55
58
65
65
60
65
69
81
89
92
89
83
81
86
