1
-5
-2
6
12
11
9
12
19
12
7
23
44
50
39
28
26
39
58
73
65
45
32
23
27
34
33
38
50
60
64
53
44
48
57
66
64
55
52
49
51
54
59
60
64
60
65
69
75
76
73
72
83
98
103
103
104
103
101
97
96
98
105
108
102
97
86
84
82
73
66
54
44
41
38
40
52
67
80
85
81
70
56
51
55
65
72
69
58
53
49
49
49
51
55
53
37
22
13
12
23
44
67
71
68
65
65
73
82
84
82
84
89
89
90
92
87
76
67
60
61
66
70
75
75
71
56
52
66
73
59
45
40
38
37
40
48
52
43
34
32
38
45
55
65
69
72
73
75
80
81
68
54
48
41
39
40
37
27
19
11
23
37
38
37
53
56
51
54
68
68
53
42
40
45
60
72
72
68
69
80
85
86
86
70
53
52
57
59
56
45
41
43
52
60
68
75
82
83
72
55
44
37
26
19
20
34
44
48
43
39
44
52
39
16
1
3
11
21
18
11
17
21
19
11
3
-11
-23
-26
-21
-13
-20
-27
-34
-36
-33
-23
-11
-2
0
-13
-28
-26
-2
22
24
22
25
23
25
36
41
44
44
42
40
40
36
39
54
70
75
73
67
64
67
72
77
75
69
65
74
89
92
90
89
85
70
65
71
83
81
71
72
74
73
68
74
86
89
85
86
84
77
72
67
57
56
54
56
67
72
67
61
64
60
60
58
50
48
51
53
57
60
57
53
49
37
28
37
43
39
37
38
33
18
12
22
39
48
38
16
-5
-9
-8
-6
3
20
27
22
18
23
35
34
26
20
17
21
28
40
53
54
42
37
49
60
59
48
40
45
57
60
58
49
35
22
17
20
27
36
43
52
69
82
83
74
66
67
64
53
49
53
59
51
37
36
40
52
52
49
44
49
59
76
86
81
71
72
70
59
48
37
29
27
28
36
49
55
50
35
27
29
34
27
20
8
8
24
40
41
33
25
34
49
59
68
65
71
83
75
56
49
55
67
68
56
41
35
41
45
39
32
33
41
50
48
44
51
54
55
60
68
69
64
59
66
70
82
91
92
87
76
65
53
51
51
54
59
59
55
56
65
74
83
75
67
76
99
114
112
98
86
84
80
76
68
54
44
41
49
61
73
82
85
81
70
65
69
72
72
67
71
77
83
83
69
57
64
71
71
64
51
39
32
29
33
27
25
22
26
38
49
55
58
53
42
34
29
34
32
34
36
40
49
55
58
60
66
70
60
54
54
59
70
72
57
44
42
43
50
57
69
75
73
70
72
72
72
80
83
75
69
71
74
73
70
67
60
61
64
54
40
34
26
33
49
52
34
17
21
35
48
55
48
22
9
13
23
32
39
48
57
68
67
50
32
25
32
25
23
26
35
36
35
29
33
38
48
57
65
57
48
36
28
23
23
24
27
37
50
54
48
49
52
58
56
44
36
23
4
-6
0
10
12
3
-6
-6
-1
10
19
17
9
17
24
17
5
5
9
16
20
28
39
42
42
43
43
38
34
38
41
39
38
41
41
41
51
58
58
56
55
51
41
33
28
37
42
39
36
33
27
28
25
32
48
57
58
52
50
53
57
55
41
35
41
43
40
33
27
35
44
52
57
72
80
67
55
52
48
43
50
56
59
67
69
69
65
60
51
36
26
28
36
34
28
40
67
82
75
66
57
60
69
72
64
57
70
82
85
74
60
51
51
44
28
17
18
25
28
26
28
40
55
55
41
32
39
53
60
60
59
52
37
25
24
32
41
49
50
43
50
58
68
73
75
80
81
73
60
52
42
34
35
42
49
44
43
48
43
35
28
24
26
37
49
67
87
87
67
65
66
52
37
42
52
48
39
42
48
64
69
66
72
85
85
76
68
53
52
75
108
119
107
98
102
106
91
85
97
116
117
99
76
70
70
81
92
92
85
71
58
52
56
68
65
52
40
39
40
40
34
18
3
-4
-2
0
0
6
6
0
7
25
36
25
18
18
16
10
19
33
26
16
9
6
17
36
48
45
45
38
33
28
24
21
26
34
42
48
48
40
35
33
22
8
3
6
7
7
11
24
34
41
51
56
57
54
39
28
32
37
40
49
54
66
72
72
67
64
51
52
55
45
48
53
56
59
60
53
41
33
28
39
49
51
55
59
55
53
55
65
70
72
72
67
58
53
50
42
29
23
22
22
21
19
19
24
33
39
36
21
9
19
40
53
50
40
40
41
42
53
60
64
60
65
57
48
44
54
55
54
58
69
75
75
69
69
81
93
99
80
57
53
59
66
59
48
35
35
35
34
40
43
49
54
59
72
81
75
59
56
55
45
38
34
34
28
32
43
56
53
42
27
18
18
34
