53
68
76
76
80
74
71
76
76
69
65
64
67
67
59
42
32
37
53
65
60
59
64
65
66
64
56
57
57
49
49
54
58
65
70
80
86
87
96
100
96
90
87
83
73
56
43
43
60
65
51
35
33
40
55
54
42
34
22
20
23
25
32
33
25
16
12
24
41
49
35
19
11
8
8
8
9
11
11
16
16
7
4
9
19
22
23
25
32
35
34
34
32
27
27
28
39
49
53
56
64
68
69
71
69
61
48
38
36
36
35
33
36
39
38
42
50
54
52
44
39
38
38
34
28
33
45
59
71
69
56
51
51
45
35
25
19
12
16
25
38
52
53
44
33
27
26
28
33
32
26
26
36
57
73
71
64
58
60
60
54
44
43
43
42
49
56
66
65
56
53
52
49
43
37
34
39
44
40
38
37
37
35
22
13
23
42
59
58
53
43
36
36
42
51
64
52
8
-21
-5
25
34
19
4
-7
-14
-9
3
20
21
9
4
4
11
17
8
11
35
52
34
-6
-7
28
67
80
66
49
51
57
64
75
90
100
108
121
117
101
87
80
74
71
70
61
53
54
67
74
82
84
75
69
56
44
52
69
82
75
58
49
45
49
49
42
34
25
24
28
39
49
51
57
60
65
57
44
37
42
43
41
35
26
24
25
28
36
40
40
42
51
58
59
43
24
22
28
41
49
43
40
38
49
64
61
56
52
58
87
105
99
81
67
72
85
85
72
66
67
66
59
53
52
54
54
54
51
43
36
34
41
54
67
70
69
70
70
67
70
80
85
88
92
91
88
88
88
84
67
54
53
50
54
59
60
50
40
38
48
65
77
80
68
52
55
65
61
54
42
29
28
37
35
20
12
25
37
29
11
2
3
18
33
38
35
28
33
34
28
28
38
56
73
74
72
82
91
92
88
87
88
89
86
84
82
80
81
87
90
72
43
37
44
54
60
65
68
56
39
41
48
39
32
32
37
44
48
42
37
40
49
48
37
32
28
26
27
33
36
42
49
51
49
43
39
41
53
65
59
48
29
23
28
40
52
56
43
24
19
26
37
44
42
34
24
19
17
18
22
26
32
38
41
40
41
41
35
32
38
43
40
42
45
51
45
35
28
28
34
35
36
35
22
17
24
33
27
12
5
3
4
5
4
1
-2
4
7
2
-1
-9
-17
-13
-11
1
18
29
34
37
49
59
66
60
42
26
20
19
20
27
44
54
35
0
-14
-8
-3
-5
-9
-30
-121
-250
-330
-350
-346
-350
-356
-347
-334
-312
-279
-248
-221
-193
-162
-146
-137
-134
-126
-115
-100
-88
-69
-45
-26
-14
-12
-13
-21
-26
-22
-5
7
17
22
34
49
58
58
60
68
81
93
97
92
93
104
117
117
107
107
116
123
118
105
105
116
125
128
128
133
146
152
153
153
150
139
136
147
164
176
166
160
165
176
178
171
168
173
182
188
188
189
192
194
189
177
165
166
173
170
160
153
156
160
155
152
155
163
166
167
161
162
163
151
138
137
144
144
137
133
128
116
108
116
120
117
108
108
114
104
91
97
113
115
106
100
102
106
101
96
96
104
115
121
117
100
77
68
70
68
57
51
48
51
66
68
44
26
36
54
70
66
51
38
39
50
53
45
37
32
27
28
37
42
43
39
37
41
50
48
36
33
36
41
40
35
29
27
25
35
55
73
82
89
97
96
85
80
80
75
69
64
44
25
22
32
37
41
53
65
68
56
42
33
24
21
23
26
24
26
35
41
27
11
12
35
55
65
71
74
68
56
58
72
72
59
53
42
34
34
48
64
69
70
72
80
75
73
67
59
50
40
50
72
83
84
82
74
65
60
60
57
57
65
64
52
45
51
54
60
73
73
69
64
59
60
68
69
70
84
86
72
58
53
55
56
54
54
58
55
44
40
40
44
44
44
50
51
51
50
38
27
24
29
43
56
52
35
18
12
22
37
50
56
65
76
87
90
96
99
100
96
88
82
89
102
89
70
72
84
97
104
101
97
84
67
49
38
40
49
53
52
48
44
52
51
40
44
56
67
71
64
45
51
70
72
56
41
35
34
28
17
10
20
35
45
49
44
48
45
43
48
50
49
49
44
48
51
45
34
37
51
45
32
25
34
42
40
37
43
53
59
60
59
57
68
87
103
107
105
105
115
114
90
73
83
96
82
54
51
67
68
41
32
40
43
36
41
58
59
57
81
98
84
74
81
70
50
39
45
57
73
88
87
86
112
144
161
151
123
103
108
133
155
161
139
125
108
96
89
88
99
113
104
83
66
66
72
70
65
60
55
51
43
28
20
23
27
24
16
11
6
-9
-18
-29
-51
-69
-74
-76
-76
-68
-61
-61
-68
-68
-65
-54
-42
-39
-56
-71
-75
-72
-60
-43
-24
-13
