76
66
42
26
21
24
27
20
16
23
34
36
32
19
10
7
10
18
24
35
36
24
17
20
34
43
52
54
42
32
25
33
34
26
27
34
33
27
28
36
51
54
44
41
50
58
65
55
42
49
57
59
54
48
51
54
51
44
32
22
18
5
2
8
9
7
13
32
48
51
51
49
45
44
39
33
35
40
39
37
43
51
53
55
52
34
17
18
32
44
53
56
56
59
57
54
55
52
37
27
27
25
21
16
8
7
7
19
33
28
20
20
23
16
5
1
3
12
26
28
17
6
12
28
41
41
37
34
28
25
26
33
35
38
37
41
65
89
99
98
90
89
99
108
116
115
114
122
130
118
112
109
106
105
100
89
88
87
86
86
88
89
90
81
60
58
75
93
98
86
81
81
85
81
74
70
59
49
51
64
77
83
58
29
23
38
43
33
20
12
21
33
40
43
40
38
45
53
44
28
20
25
41
53
48
21
-2
-4
4
12
26
43
53
43
34
32
35
42
44
34
24
27
40
48
51
59
70
67
55
51
57
61
67
68
61
54
42
38
44
51
44
37
33
39
52
67
73
68
57
53
49
37
36
39
33
26
37
44
39
35
40
49
52
45
33
25
28
41
52
57
54
44
48
54
55
52
48
43
42
40
37
33
23
20
32
44
50
49
40
34
37
41
48
55
56
69
84
87
81
64
55
51
35
22
22
24
22
21
26
32
28
26
34
36
32
23
20
21
28
34
23
24
35
40
48
55
53
44
57
74
75
58
43
51
70
88
104
114
112
89
72
76
87
89
87
83
74
73
75
75
70
60
52
36
26
36
51
50
34
17
5
3
5
12
28
43
38
19
11
11
11
19
34
52
58
52
40
38
43
55
64
64
59
56
57
59
50
52
73
76
56
28
12
11
13
17
12
13
17
20
13
3
1
-10
-34
-29
-1
16
7
5
20
25
32
38
48
68
90
99
86
80
88
99
103
105
103
99
89
77
71
76
89
102
113
107
92
80
66
55
48
52
60
70
59
45
41
50
55
40
13
3
6
10
11
4
1
20
33
13
-5
-9
-3
3
3
-2
-7
-18
-26
-19
-9
-14
-23
-20
-12
-9
-5
1
3
1
-1
8
19
26
37
37
26
11
-1
-5
-3
6
16
21
24
33
36
28
21
16
16
16
4
-3
2
-1
-7
-4
7
11
11
10
16
24
38
50
50
48
49
48
40
42
53
55
53
52
55
60
70
75
80
72
60
52
51
52
57
60
66
75
80
72
70
71
64
53
50
49
49
55
59
59
65
76
77
75
73
70
59
56
60
66
65
57
53
50
55
68
72
69
60
64
81
87
67
48
54
68
71
58
41
40
43
41
39
38
39
40
41
40
28
25
34
49
52
55
53
41
32
27
34
40
45
48
40
36
32
32
37
39
36
39
35
27
29
33
35
37
33
26
18
8
2
5
24
39
40
39
36
43
58
64
57
49
45
52
53
53
54
54
64
64
59
65
68
67
58
60
68
71
70
71
72
68
54
40
38
49
60
54
32
22
32
42
53
74
104
99
69
51
54
68
68
59
59
61
55
55
56
52
44
44
53
65
70
66
57
49
38
35
36
40
37
26
20
24
35
37
29
24
35
54
65
57
42
38
44
49
50
48
43
41
40
50
61
61
56
55
66
73
75
84
87
86
86
85
91
103
105
100
87
74
73
77
73
57
41
39
49
48
48
55
64
59
53
55
67
73
70
59
58
60
66
59
48
39
45
60
65
58
52
45
44
41
33
29
35
28
22
20
12
17
36
51
53
44
45
54
56
48
44
50
42
28
24
32
37
35
34
44
59
70
72
67
60
60
55
41
29
22
20
25
40
53
58
54
53
59
68
68
58
54
64
69
58
43
36
41
54
65
64
51
33
8
-1
9
20
16
12
11
13
25
34
35
37
40
38
40
48
48
48
52
53
51
49
48
52
58
56
36
27
37
39
37
40
51
65
71
75
84
84
69
57
57
55
56
59
54
41
34
39
41
24
12
19
23
23
17
1
-9
0
17
27
36
43
39
26
17
7
2
11
37
60
67
60
55
57
69
72
69
65
65
65
55
34
17
21
41
56
57
52
40
32
13
6
21
40
51
53
52
44
34
24
28
42
60
81
88
81
67
60
58
55
52
41
26
20
26
32
36
49
59
60
53
41
39
42
37
24
23
32
39
39
33
21
21
29
40
38
23
11
12
21
27
27
27
25
18
18
12
8
8
18
29
36
34
41
52
56
57
66
75
73
57
42
49
70
83
69
51
49
68
89
100
91
87
97
102
96
87
81
75
73
68
59
53
51
57
68
71
82
91
88
74
59
53
57
64
64
65
65
55
48
42
45
44
