71
82
82
75
70
61
61
68
67
52
38
39
54
55
44
45
54
64
59
49
39
38
36
40
40
28
11
-1
-5
-2
-1
-11
-22
-18
-3
4
18
41
58
58
57
54
53
52
49
54
57
51
39
33
27
32
34
26
33
39
32
24
22
18
16
17
22
24
23
38
66
88
102
100
96
89
86
80
66
55
53
58
66
67
67
57
44
42
43
40
39
52
68
70
68
64
54
44
37
33
39
51
52
40
40
48
52
56
58
55
54
59
60
56
54
52
36
29
26
26
29
34
41
52
44
37
26
20
24
43
57
53
48
41
32
22
25
29
36
38
39
51
56
55
51
38
23
22
35
44
43
40
34
27
28
41
59
68
67
67
68
61
50
41
40
34
22
18
18
22
39
50
48
40
34
33
39
37
21
6
-5
-20
-20
-5
4
-3
-22
-28
-20
-11
-12
-5
9
4
-12
-22
-13
8
28
40
38
17
-1
9
51
88
104
102
86
74
86
100
105
106
103
104
124
145
137
122
115
122
131
124
124
135
145
138
118
96
87
89
76
57
56
83
104
97
75
57
52
52
37
7
-19
-33
-36
-44
-65
-78
-85
-75
-53
-30
-23
-34
-49
-53
-42
-33
-37
-53
-68
-71
-60
-46
-43
-53
-61
-66
-57
-45
-29
-14
-12
-17
-12
-2
9
17
17
8
4
9
21
35
37
20
1
-1
11
27
35
26
19
22
33
34
25
23
27
27
35
36
28
32
37
35
26
26
38
45
42
24
16
20
26
23
17
26
49
60
66
57
40
34
41
51
64
74
77
67
53
51
55
59
54
49
51
55
57
53
44
33
35
51
57
58
52
41
38
43
50
56
64
69
69
68
68
58
60
72
85
92
100
101
99
97
96
85
68
51
44
51
68
81
74
54
42
60
77
73
69
70
73
73
68
56
49
43
52
59
55
44
53
59
54
35
18
20
36
57
73
75
68
66
69
69
58
51
51
56
54
41
40
50
56
55
53
51
48
42
48
54
59
59
48
35
38
49
57
57
58
59
66
67
55
39
32
27
28
39
33
28
32
34
39
43
44
39
29
21
16
23
39
44
37
32
24
20
18
17
12
16
22
19
4
-7
-10
-4
1
1
-4
-2
8
18
25
44
61
65
59
53
55
60
64
55
48
48
55
54
44
37
38
49
57
65
65
54
49
57
70
73
67
60
64
64
67
68
66
66
66
59
51
42
38
39
44
50
44
33
18
11
22
29
23
11
2
-4
-1
11
19
27
38
44
52
55
49
40
42
53
56
49
38
43
55
66
71
73
72
70
60
54
56
57
51
48
49
55
65
70
66
57
55
59
60
65
69
70
61
55
64
66
67
81
89
82
69
59
69
83
96
100
97
96
107
116
104
82
68
71
74
58
48
50
55
52
37
32
33
38
42
40
33
25
27
35
37
38
38
42
53
54
51
49
42
38
40
45
49
44
41
38
41
48
43
37
34
38
54
69
69
55
41
39
44
54
65
71
71
59
40
25
32
39
40
39
45
53
51
43
36
26
23
22
23
29
39
43
49
59
72
83
85
84
73
57
48
51
56
54
48
38
34
34
42
44
37
39
52
57
53
43
38
32
36
42
42
40
44
51
53
49
49
52
52
50
49
52
52
52
51
52
57
60
53
41
33
27
29
40
54
60
58
56
68
77
75
72
70
66
59
56
55
57
60
58
41
26
36
43
44
52
60
59
73
100
103
82
57
52
58
65
57
43
38
44
50
51
56
64
65
65
60
61
66
57
51
51
60
73
76
67
65
67
69
66
56
57
67
70
64
41
21
9
12
27
40
37
22
10
7
13
22
23
21
19
21
28
36
33
28
33
32
23
19
20
20
23
34
41
43
48
53
67
80
82
74
69
69
73
73
74
80
83
83
75
55
38
34
29
21
20
20
17
11
9
16
18
16
1
-6
0
1
-3
-4
-3
-3
-5
5
34
53
49
42
53
70
74
59
37
13
8
24
42
44
38
35
38
42
50
54
64
59
53
50
48
45
45
48
42
42
43
45
41
32
29
33
35
39
45
52
58
68
67
65
67
70
71
72
74
71
69
81
85
82
83
91
96
88
74
70
70
65
59
60
53
35
27
35
43
49
48
42
41
37
32
36
51
55
39
24
25
40
51
44
27
21
33
40
41
41
43
50
44
43
50
49
48
48
48
54
65
65
60
55
56
58
59
55
41
35
44
68
75
64
44
37
43
53
73
86
86
82
66
41
32
42
52
36
16
3
5
5
-7
-9
-3
-5
-17
-29
-26
-10
-4
-2
1
7
9
16
23
12
3
1
-2
-7
-13
-11
4
13
19
17
16
12
10
9
8
21
34
36
29
35
51
60
64
57
44
36
41
54
59
55
52
50
36
25
24
28
40
50
50
43
39
