39
49
48
50
66
76
71
65
57
56
59
66
72
74
58
37
28
27
24
20
11
8
18
25
23
20
25
35
37
36
36
41
43
42
42
42
42
42
43
36
25
21
24
34
37
43
48
37
27
26
25
22
27
35
41
52
59
66
68
67
65
65
71
75
76
68
53
44
44
38
24
17
12
17
23
28
37
49
60
72
82
90
92
89
80
74
75
71
64
52
48
54
66
82
99
100
85
65
54
54
55
52
52
64
72
70
66
67
71
80
87
76
67
75
76
66
59
69
72
66
58
57
56
58
60
61
65
71
81
81
71
60
54
43
41
49
43
25
7
8
23
38
44
52
57
53
41
35
37
45
51
41
27
22
25
27
25
26
36
40
40
40
38
33
22
18
34
58
71
55
34
27
42
60
64
49
40
51
67
69
58
44
40
41
41
41
40
39
44
55
70
77
77
69
58
52
42
36
37
33
22
11
5
3
7
16
24
33
33
27
32
39
51
56
60
68
72
69
66
59
49
38
32
32
42
52
50
44
51
60
64
56
51
53
55
52
42
40
42
44
51
49
41
42
49
50
53
54
54
54
55
55
37
18
17
22
22
25
41
56
57
52
48
49
50
50
51
38
24
26
37
43
43
40
37
35
22
16
26
48
67
69
60
49
39
38
49
58
61
64
69
80
83
81
85
96
98
85
65
57
64
58
40
28
33
43
42
32
23
23
24
26
43
60
58
38
20
17
20
18
20
24
26
22
11
27
39
35
20
10
11
35
55
52
33
18
26
56
74
69
41
34
49
67
60
42
34
38
51
69
69
53
54
75
93
100
102
90
75
90
112
108
85
71
77
80
69
56
56
58
56
52
45
43
48
44
39
37
36
32
24
12
0
-18
-29
-36
-28
-10
-4
-5
-5
-4
-10
-10
1
8
8
10
10
0
-24
-42
-50
-49
-38
-33
-35
-34
-26
-22
-18
-11
-7
-9
-10
-2
9
12
9
18
28
34
29
33
35
40
37
34
32
41
54
52
48
42
38
38
43
48
49
42
44
51
57
60
56
48
41
45
53
55
52
51
51
42
35
39
45
45
38
20
6
5
20
37
35
24
20
33
51
61
70
74
73
67
64
70
84
91
93
93
88
73
65
73
87
83
71
65
60
61
60
69
81
80
69
66
69
75
69
59
57
57
57
56
52
54
59
60
59
58
57
58
57
54
52
49
45
38
41
52
60
64
56
43
34
44
66
72
66
51
45
43
40
41
52
52
40
36
34
32
34
38
40
44
44
42
49
59
72
83
80
70
65
67
74
71
60
59
68
67
52
38
26
20
20
24
36
42
50
53
45
40
44
48
41
38
44
59
73
71
57
54
52
42
36
39
43
45
45
43
42
41
41
49
55
60
68
74
77
70
56
53
59
68
73
70
66
69
75
82
84
80
83
92
98
90
85
85
89
86
86
77
60
48
42
53
57
53
44
42
43
48
45
52
58
51
27
10
2
6
19
22
11
3
3
12
19
16
12
21
36
42
35
28
25
24
27
28
32
37
38
39
40
48
58
59
43
40
48
53
50
41
35
28
28
34
41
48
44
40
56
74
77
76
77
91
99
86
72
68
58
53
53
52
55
51
38
25
34
53
66
66
60
51
33
20
18
25
34
40
44
52
58
69
70
70
67
56
50
42
38
40
41
40
35
34
36
37
36
34
35
41
44
52
54
51
44
40
45
56
59
60
54
51
48
43
45
50
54
56
52
51
53
53
51
51
49
44
53
67
73
74
70
59
53
56
59
55
43
39
48
54
54
57
65
65
56
54
56
58
52
50
50
52
54
49
40
36
40
49
50
50
42
29
25
34
42
40
32
32
51
66
59
49
42
41
41
38
40
53
60
57
44
44
59
80
90
84
65
52
57
74
88
85
72
64
64
56
51
50
52
57
64
65
57
53
54
53
50
40
37
33
28
33
38
42
45
54
51
36
28
35
44
45
43
40
35
35
38
44
41
26
12
16
28
39
39
28
20
20
24
32
26
23
26
35
34
21
3
-10
-5
33
67
80
76
69
68
87
121
136
124
115
115
120
121
117
112
114
129
147
147
134
120
113
108
105
92
81
76
80
67
53
42
38
37
35
34
29
28
28
27
28
27
20
10
9
12
11
-1
-8
-3
8
11
6
1
7
11
10
8
8
4
3
5
5
3
5
13
27
39
42
41
38
34
28
29
33
34
34
38
43
48
56
67
71
74
80
76
68
53
49
53
64
68
67
48
26
18
21
32
40
40
34
34
42
57
68
57
44
51
50
42
52
67
75
81
86
85
80
68
56
42
36
38
39
40
49
60
58
36
18
22
41
44
40
38
37
34
24
24
38
50
41
32
24
