25
24
26
32
34
41
49
51
40
33
13
2
5
17
24
24
17
4
-2
-1
3
11
18
10
6
10
17
18
20
17
8
1
1
5
5
2
-3
-7
0
18
19
11
21
25
21
9
6
9
22
37
41
39
37
38
36
41
51
60
69
77
74
71
70
76
91
98
84
65
55
58
64
65
59
51
44
54
72
84
89
88
84
83
80
76
74
74
82
86
81
65
53
60
67
60
53
55
58
56
53
45
37
36
41
49
48
44
49
51
55
56
51
43
49
69
88
92
87
80
87
106
128
132
119
104
92
83
74
82
86
81
64
54
38
25
20
21
21
19
37
77
99
85
74
67
67
77
92
93
84
73
80
77
74
74
87
113
137
135
114
112
122
129
124
120
120
125
130
121
108
103
100
102
96
88
87
85
80
68
56
49
44
42
33
22
9
-6
-23
-29
-28
-22
-13
-12
-21
-27
-24
-18
-10
-3
0
2
0
-5
-9
-25
-43
-44
-39
-37
-33
-29
-24
-14
-11
-17
-22
-23
-13
-4
-4
-14
-26
-33
-26
-24
-29
-35
-28
-20
-9
-3
0
7
7
5
4
4
10
16
6
-7
-10
-3
5
3
-1
4
16
25
25
12
16
35
52
55
36
12
4
7
23
33
33
26
23
32
51
58
53
45
50
58
64
60
57
49
27
8
7
22
38
50
55
48
37
41
49
57
68
70
66
57
50
52
66
74
75
58
43
44
54
52
40
34
35
34
34
45
59
65
64
65
66
69
73
73
65
58
64
70
77
87
75
53
43
48
52
53
41
27
38
64
76
73
72
74
67
60
50
42
49
61
67
68
61
60
66
71
70
64
53
53
60
59
45
23
10
9
11
20
23
23
32
39
42
44
43
40
35
26
22
33
45
57
60
66
68
68
65
54
39
11
0
12
39
53
48
27
10
12
29
38
38
41
39
35
34
38
45
55
56
54
53
57
71
71
60
49
28
18
35
61
73
73
64
48
40
38
44
50
48
51
57
64
67
59
43
41
54
58
52
36
28
33
39
43
48
53
58
55
43
41
53
64
67
67
56
44
48
59
69
66
58
64
74
72
64
57
55
55
57
56
49
39
34
24
22
28
38
38
43
61
75
74
71
75
82
76
64
49
42
41
42
42
28
20
27
42
57
61
52
39
36
48
58
68
72
69
50
37
43
51
49
43
43
40
29
21
18
22
24
24
27
33
28
27
26
25
28
37
41
43
41
44
53
56
66
68
53
39
32
28
27
24
16
10
22
37
43
38
25
23
32
40
49
50
44
36
35
43
45
38
41
54
56
42
37
44
56
54
50
40
32
25
19
18
23
20
11
7
6
10
27
55
67
69
76
90
89
84
85
82
71
65
66
60
53
41
38
40
43
44
41
35
23
12
10
21
32
27
18
21
56
103
120
108
89
85
90
96
99
103
93
83
76
80
88
90
86
83
81
76
72
71
80
82
77
72
68
80
82
71
60
53
44
48
53
65
70
64
56
51
49
48
36
19
0
-8
-1
18
36
41
35
23
19
21
34
42
43
35
23
20
16
9
11
20
16
-4
-20
-23
-11
4
20
28
41
53
55
53
55
56
56
60
53
40
35
34
29
32
36
38
39
35
26
24
20
19
22
26
28
33
35
42
52
56
53
50
54
64
65
50
34
26
25
25
16
5
12
36
52
42
27
25
34
42
41
40
42
45
43
38
37
48
64
71
57
41
43
55
66
70
67
59
57
57
59
69
77
80
67
53
52
59
60
50
45
55
67
68
59
53
48
43
48
53
55
60
67
64
66
73
71
59
53
49
43
36
36
51
66
64
53
53
64
75
72
57
44
37
39
42
37
32
27
25
22
20
19
23
34
34
33
37
43
48
41
35
28
29
34
35
40
44
50
52
54
55
60
65
64
60
67
60
53
59
81
92
90
75
65
71
82
75
68
68
72
85
88
77
57
42
40
48
54
52
44
44
43
33
19
9
16
24
36
40
40
40
41
43
48
43
36
27
26
37
49
58
67
74
73
67
66
76
89
92
85
77
82
81
77
77
73
69
59
50
45
42
48
55
55
48
39
39
45
51
41
35
38
41
34
25
23
28
40
36
25
23
34
52
59
56
43
36
37
45
42
32
26
36
41
39
36
41
53
52
45
42
44
43
39
39
38
32
32
27
22
22
37
56
65
58
52
54
64
60
57
60
65
61
54
53
59
58
48
40
42
44
39
27
22
21
19
17
23
33
34
21
8
20
53
69
58
43
44
55
58
59
59
56
48
34
18
9
21
40
41
34
39
52
60
67
68
67
65
67
71
74
76
74
72
74
88
105
104
91
83
76
81
92
100
98
86
74
83
89
82
68
56
58
64
65
57
45
38
37
40
43
