54
49
40
28
24
28
39
52
60
60
49
39
41
42
48
42
38
37
41
40
32
27
39
37
34
39
51
54
39
26
29
41
55
54
41
38
44
53
60
68
65
52
41
40
42
44
48
45
49
52
51
48
42
44
55
67
60
43
36
41
49
44
40
40
41
49
49
36
33
50
64
65
54
38
27
39
60
65
52
51
67
73
70
59
52
53
56
51
42
41
39
29
22
23
32
40
37
22
16
16
18
28
49
58
58
49
37
34
43
58
69
65
35
5
8
37
58
55
37
24
17
17
24
32
28
13
-1
-9
-13
-12
3
34
53
50
33
10
6
17
20
24
22
16
20
29
32
23
13
8
-2
-8
1
16
32
35
29
33
38
41
53
61
54
41
32
35
50
58
51
37
38
51
54
42
36
44
52
56
58
58
58
56
53
52
52
48
43
49
54
55
54
54
55
51
49
41
33
27
27
20
16
21
18
11
16
22
25
22
16
9
12
22
29
36
37
35
22
2
-10
-9
-4
-5
-7
-3
8
11
6
-2
-8
-11
3
20
19
9
5
27
50
42
34
26
8
25
73
90
67
49
69
102
129
134
122
107
107
115
124
120
89
74
89
117
124
113
96
89
107
131
147
150
136
121
116
115
115
119
121
116
105
98
89
84
84
83
75
72
75
75
76
82
97
100
86
68
60
67
70
53
33
21
16
3
-5
-5
1
1
1
3
0
-8
-10
-4
-3
-11
-21
-21
-12
-1
5
0
1
5
12
10
2
-6
-4
6
11
0
-7
-9
-18
-29
-36
-30
-24
-22
-23
-21
-5
21
40
43
40
40
49
59
70
69
58
44
40
40
35
21
12
20
32
36
39
48
51
50
37
26
27
39
44
39
35
32
34
39
49
50
38
33
44
66
76
82
81
73
66
70
73
68
56
48
43
37
26
22
26
40
44
42
40
41
43
41
35
28
29
36
50
55
52
43
36
37
38
27
25
32
44
60
66
59
55
54
56
61
54
38
24
20
19
12
11
20
34
49
58
56
43
35
36
40
53
60
65
55
42
44
61
71
74
75
74
84
96
99
99
90
72
44
36
36
34
29
34
43
59
72
72
69
54
41
41
48
53
53
48
52
64
69
60
54
64
74
82
73
60
64
74
75
57
38
28
34
50
69
76
74
73
84
97
104
106
98
81
61
49
42
38
32
36
41
40
42
44
43
37
39
44
56
71
81
69
50
36
38
60
87
83
54
34
28
37
53
70
82
88
82
65
57
64
64
60
60
61
65
61
54
48
55
73
91
103
104
100
85
72
69
74
70
57
54
59
67
60
49
36
34
35
34
37
41
35
19
10
13
27
39
36
22
19
27
41
44
39
39
44
42
35
26
24
26
27
23
24
36
42
41
39
36
36
39
45
65
83
86
72
67
67
55
44
40
34
32
38
39
34
28
27
33
36
35
28
24
24
21
18
21
34
51
66
70
65
66
68
65
60
53
43
50
64
70
65
51
40
40
49
43
32
26
35
49
52
52
55
55
53
42
21
3
0
5
13
12
10
23
49
56
51
36
26
37
45
41
33
23
24
25
20
13
22
43
57
54
40
27
22
33
43
52
51
56
69
72
64
56
66
70
61
49
32
27
37
39
37
43
49
41
24
11
8
9
18
32
48
69
82
68
42
27
35
50
56
52
40
39
44
58
69
67
65
64
53
43
41
41
39
36
23
8
16
27
26
13
6
6
20
32
28
25
35
48
51
60
67
56
44
49
56
54
52
54
58
58
44
34
33
43
53
52
54
61
69
70
83
91
87
70
56
53
67
84
86
72
58
57
58
64
71
75
81
88
90
86
87
87
89
91
96
83
65
60
73
86
97
109
119
117
98
82
80
83
93
97
86
84
69
43
37
43
52
54
51
40
25
22
36
51
55
53
50
42
32
27
24
12
11
23
32
27
32
37
34
23
17
22
32
35
36
43
54
56
54
50
41
38
27
23
26
34
41
52
54
50
44
49
52
61
71
70
70
80
84
87
84
72
65
64
61
59
57
57
68
75
80
75
69
48
28
33
48
56
68
69
53
35
28
32
34
39
48
50
44
50
58
57
51
53
58
59
53
42
50
60
67
56
45
41
36
24
16
19
23
21
23
37
40
39
51
59
53
42
38
41
51
56
60
65
67
74
74
69
69
68
66
70
76
76
76
77
82
81
76
80
81
75
67
67
68
65
56
51
51
58
58
49
34
25
27
36
45
51
42
34
27
24
23
34
36
22
6
3
8
23
41
41
33
26
32
37
36
29
25
21
16
11
19
24
28
28
24
18
10
9
17
24
35
38
39
39
40
32
22
33
49
60
55
37
23
20
19
17
18
33
40
33
32
33
40
53
