60
42
27
22
29
42
56
69
67
53
44
42
44
52
59
54
41
39
50
56
48
27
20
27
33
22
22
35
39
50
66
67
64
59
57
60
68
73
82
86
90
97
102
104
98
88
75
70
72
80
80
69
60
57
65
74
76
71
71
66
53
41
37
32
21
23
34
33
27
27
26
28
41
45
34
20
18
17
13
16
10
1
1
8
10
17
23
32
36
35
27
27
36
37
29
22
18
10
6
9
16
20
32
42
43
42
48
44
34
25
24
24
22
22
25
25
29
40
40
40
49
51
39
27
35
40
36
24
10
3
4
7
17
24
28
26
20
9
8
21
33
36
36
38
44
54
56
50
34
19
18
20
25
40
56
59
60
60
67
71
74
73
66
64
60
57
50
42
37
44
71
88
88
81
75
74
76
65
48
43
41
32
33
44
44
38
40
56
65
58
43
41
48
43
35
26
18
19
28
34
40
49
58
69
69
70
73
82
85
74
50
26
20
22
33
36
33
35
42
51
67
82
81
82
88
86
81
60
39
38
54
65
65
65
64
67
68
57
40
33
42
57
53
29
16
20
32
37
37
35
33
27
32
35
35
39
44
44
42
43
42
40
27
21
33
38
56
92
105
89
69
65
90
109
103
75
74
105
144
163
135
102
108
132
153
153
128
105
105
102
103
121
130
133
136
149
167
172
157
134
105
88
83
83
89
83
66
52
43
41
52
67
74
70
57
50
44
49
55
56
42
23
16
34
52
42
24
17
28
43
48
42
21
-10
-22
-11
-9
-13
-20
-24
-23
-12
-9
-20
-29
-28
-26
-29
-28
-28
-27
-25
-37
-58
-66
-57
-45
-44
-50
-44
-34
-24
-21
-19
-21
-17
-9
-4
-6
-22
-34
-33
-17
2
18
23
27
28
23
21
28
50
61
60
52
43
42
42
41
37
34
37
38
39
35
24
20
26
42
54
50
42
49
54
58
67
75
75
76
80
82
85
86
85
82
86
88
85
76
75
86
100
107
101
88
87
103
108
106
101
99
102
103
106
102
86
73
72
82
91
90
83
73
74
81
77
68
67
82
86
72
56
51
54
56
64
73
86
81
66
57
67
72
72
68
67
73
76
77
71
50
36
38
56
65
55
40
33
41
54
61
65
54
37
39
57
66
55
39
22
11
18
26
27
26
27
26
23
18
9
20
36
49
52
43
39
41
43
49
50
51
43
27
20
19
29
34
28
24
22
19
17
9
2
3
2
-4
-8
-3
5
22
38
44
51
51
41
39
53
68
70
64
56
54
55
53
48
44
43
52
64
69
75
76
70
65
65
66
60
44
38
38
32
19
17
29
42
55
60
60
60
65
70
70
68
66
56
51
40
36
35
33
26
23
34
42
44
52
69
84
98
101
103
101
97
96
86
76
75
76
68
64
67
67
65
68
72
70
69
72
72
58
55
65
72
75
70
55
51
54
52
54
59
61
57
51
40
38
48
51
43
40
33
22
18
18
21
34
49
54
44
25
18
27
39
41
37
32
32
37
41
44
50
52
51
53
53
48
42
51
66
80
80
68
53
49
51
41
27
20
19
23
37
52
64
71
73
72
68
66
66
55
40
37
49
59
64
71
77
80
81
85
93
88
81
85
84
76
74
71
70
73
68
64
68
70
66
60
65
70
72
80
77
69
64
60
66
68
59
40
32
38
56
68
67
56
55
59
55
43
39
36
34
35
45
59
61
54
41
36
51
67
66
51
36
38
53
58
40
12
9
23
38
36
25
34
42
42
32
18
16
25
33
34
39
48
56
56
41
22
3
-1
7
16
20
17
7
5
18
38
50
44
34
28
32
36
37
36
37
37
43
54
53
41
38
53
71
81
70
48
41
45
51
40
28
25
24
16
10
13
16
12
18
25
29
28
28
34
36
24
8
7
18
17
1
-4
4
23
36
40
41
40
44
45
43
43
60
81
87
67
26
7
24
43
50
48
38
23
11
21
39
52
51
48
53
53
48
45
48
55
70
85
86
84
80
73
66
57
54
52
50
49
50
53
57
59
53
44
52
60
64
57
55
50
41
36
43
43
34
26
36
49
54
54
57
58
42
21
20
26
33
32
20
13
19
19
13
11
6
7
17
24
29
38
36
26
27
32
25
16
17
25
24
20
13
5
8
16
18
12
22
42
57
59
54
54
58
67
76
81
81
85
103
118
107
97
91
87
83
77
76
83
92
112
119
115
98
75
65
69
76
76
61
40
26
32
38
40
42
49
53
59
64
55
40
35
43
57
66
65
51
50
65
73
66
50
36
35
40
44
45
43
40
42
53
50
50
52
54
58
59
57
64
76
84
71
60
58
60
59
54
43
36
29
20
10
9
11
17
25
39
45
43
40
28
