35
26
33
49
52
41
33
25
18
20
25
34
33
26
29
39
38
34
25
19
12
13
19
17
12
18
34
44
41
25
18
21
32
37
42
51
55
55
57
60
57
52
52
59
66
55
51
60
64
57
49
43
51
61
59
51
40
37
41
40
32
35
57
72
60
40
32
41
56
59
56
57
65
57
51
57
70
71
57
44
34
23
12
9
7
8
9
12
19
16
11
17
19
22
28
43
54
48
42
42
45
58
70
71
60
51
51
55
59
65
70
80
73
57
52
51
50
50
50
49
51
57
61
52
43
39
38
34
35
48
55
32
-4
-10
5
21
24
18
11
18
23
22
28
36
37
37
39
42
40
38
44
58
71
72
67
68
77
75
65
49
37
37
49
57
50
35
29
37
53
66
65
64
59
52
43
42
49
52
55
44
32
27
33
41
45
39
29
28
35
41
49
59
64
54
51
57
60
51
39
40
42
28
0
10
40
59
56
44
48
55
54
49
64
74
57
33
49
71
90
89
61
40
48
67
83
88
84
74
64
54
57
67
81
87
89
96
107
119
115
99
88
88
82
72
60
45
25
21
39
54
48
32
26
37
41
32
26
37
53
51
38
22
5
-7
-5
2
7
23
32
22
10
12
11
4
-5
-17
-29
-43
-45
-46
-45
-34
-21
-12
-2
0
-4
1
12
23
18
4
-6
-11
-10
-1
16
35
49
52
53
52
44
33
22
19
20
19
18
20
23
24
22
24
38
54
65
59
50
43
57
76
81
74
68
58
56
68
76
73
67
56
48
43
42
48
44
39
35
28
34
42
64
87
98
89
80
80
82
83
84
75
68
57
52
57
58
49
39
36
35
33
39
43
44
50
55
58
59
57
52
51
50
56
68
70
68
67
60
54
48
38
33
28
27
35
35
32
28
26
20
16
18
26
29
26
17
12
12
12
19
18
8
5
20
37
43
41
44
53
60
66
66
56
37
22
39
60
68
75
87
80
64
53
57
67
60
53
55
55
45
34
38
56
68
56
36
28
40
64
75
80
76
61
53
52
57
70
69
56
53
58
69
66
57
54
52
50
42
42
60
68
64
59
57
44
37
42
56
66
71
74
82
82
75
71
81
92
88
66
42
42
51
53
52
54
64
60
48
38
44
59
73
74
67
59
66
67
56
51
56
68
71
69
71
72
68
55
40
37
42
51
45
41
44
55
71
80
73
64
58
66
84
92
85
77
72
56
42
48
45
38
27
25
29
36
34
25
19
17
12
21
27
25
26
34
42
53
48
40
48
56
56
49
32
26
43
64
70
66
66
66
64
56
56
57
53
43
36
32
40
59
64
52
43
42
48
60
84
88
86
76
67
64
59
53
39
25
28
39
52
71
88
91
90
97
99
84
65
60
69
66
52
43
36
27
37
59
83
87
74
53
42
53
68
66
56
56
60
61
57
51
39
25
24
35
48
64
81
76
61
56
55
40
17
2
-4
-3
4
11
23
38
43
53
60
55
49
45
52
56
53
43
35
33
33
36
34
28
25
21
18
17
16
12
1
-21
-33
-25
-13
-4
0
3
4
7
12
10
8
7
5
12
24
22
18
9
9
13
8
9
22
35
39
39
37
36
35
39
38
33
29
37
48
45
36
29
36
45
57
65
64
58
55
53
55
66
76
84
83
80
84
90
85
85
100
104
96
80
53
38
44
67
92
99
86
84
88
88
96
103
101
91
81
66
49
36
39
52
60
74
72
57
48
43
43
44
53
58
48
26
16
17
28
39
39
32
32
48
69
73
60
53
58
74
87
80
58
42
41
50
65
81
101
112
100
82
73
86
96
88
65
36
34
51
58
49
17
-6
-9
-9
-19
-13
7
10
-4
-11
7
42
53
38
29
24
5
1
39
71
59
29
27
38
19
-7
-18
-4
9
17
20
18
36
74
105
112
97
88
107
122
107
81
73
87
88
66
44
55
85
102
102
96
86
83
81
74
68
64
60
69
83
90
90
81
69
66
72
74
66
51
42
36
19
-3
-13
-10
-5
-13
-24
-28
-27
-25
-28
-25
-18
-9
-9
-19
-28
-34
-24
-20
-28
-35
-26
-20
-17
-10
-5
-1
6
20
37
56
72
83
88
89
82
77
81
72
65
59
58
42
33
38
52
71
80
64
41
35
39
42
39
26
13
19
27
29
24
18
9
6
9
18
18
6
7
23
53
70
67
56
58
69
70
74
81
74
58
44
44
56
64
70
77
72
59
65
76
81
72
71
71
81
87
84
82
76
73
81
87
86
75
66
56
55
58
53
52
52
52
52
54
51
49
59
73
74
60
57
67
65
67
72
72
66
57
58
59
59
58
44
21
11
19
26
39
51
61
66
61
64
70
76
83
90
91
59
17
12
45
68
52
12
3
25
