49
48
43
36
34
51
72
83
61
35
35
48
53
59
68
73
76
74
70
80
88
98
101
97
90
96
101
102
97
99
103
112
108
105
101
93
87
86
83
71
57
49
55
84
105
86
53
51
66
82
85
72
56
54
57
56
49
44
52
58
65
59
50
42
38
38
39
41
37
33
42
57
64
52
40
49
67
82
81
74
67
60
54
49
49
49
51
45
38
38
45
42
33
27
36
52
57
56
49
45
57
80
87
75
60
64
80
92
91
82
74
81
86
88
90
96
88
83
83
72
73
74
69
89
115
120
102
67
87
139
146
121
129
152
167
165
139
121
144
193
196
183
186
202
220
236
259
289
300
290
264
240
212
168
147
156
157
135
107
92
96
107
104
91
70
44
50
60
57
41
34
48
48
28
16
23
53
58
43
39
67
81
41
6
6
16
8
-10
-24
-34
-36
-35
-35
-33
-24
-13
-21
-38
-53
-53
-49
-54
-68
-73
-56
-40
-49
-57
-59
-62
-82
-100
-93
-83
-81
-84
-85
-74
-54
-42
-42
-41
-37
-26
-21
-26
-35
-41
-40
-33
-29
-39
-41
-39
-39
-43
-50
-46
-44
-45
-41
-36
-38
-41
-39
-24
-2
11
10
4
6
21
38
57
65
67
57
37
26
34
45
55
56
58
61
59
52
44
45
55
64
50
25
7
-2
-5
-6
0
13
19
17
24
34
26
25
33
35
39
48
54
55
50
43
40
40
41
42
39
38
42
51
42
27
33
43
48
43
48
51
55
56
55
53
59
65
59
44
33
29
28
25
29
33
26
24
28
40
53
56
54
54
65
84
93
87
73
59
53
50
55
69
70
73
81
85
83
73
64
53
53
58
69
77
88
103
128
131
109
97
89
89
91
89
87
88
80
67
64
64
61
59
59
58
54
48
48
52
51
41
38
36
38
42
52
56
53
51
57
64
54
49
44
45
54
55
55
58
59
66
68
68
67
67
69
70
61
58
65
66
67
59
35
6
7
49
97
105
77
41
25
37
53
55
45
34
26
34
40
40
40
38
42
45
38
26
22
27
22
9
9
20
34
40
32
17
13
26
36
26
11
1
3
13
11
3
-5
-2
8
23
34
36
38
44
43
43
43
32
11
2
2
6
10
13
16
11
9
11
21
33
38
44
58
68
61
44
34
35
40
49
54
59
55
45
40
38
40
50
48
41
38
32
34
43
58
64
58
53
52
52
59
66
66
64
58
56
59
74
85
73
55
43
43
44
48
54
66
74
72
58
43
42
56
69
73
76
74
73
81
85
72
56
45
34
32
38
51
53
51
49
39
34
39
51
54
52
50
54
60
67
67
59
59
61
66
58
50
50
59
75
84
80
72
65
59
70
74
72
66
53
43
37
32
32
44
50
40
34
37
39
33
34
45
55
48
26
12
22
42
58
64
58
52
52
65
70
67
59
51
43
32
17
16
27
36
34
35
44
60
66
58
50
48
58
67
69
60
52
45
38
41
54
56
51
44
39
39
35
18
9
23
41
50
32
8
7
21
26
28
32
24
19
21
23
25
27
29
32
26
22
22
21
17
22
35
43
56
59
59
60
56
48
44
44
49
60
74
82
81
80
73
67
58
45
34
27
28
32
33
34
38
50
54
49
40
40
50
53
39
23
25
37
38
35
26
16
20
37
40
34
25
25
36
41
39
38
24
19
33
43
43
37
21
13
16
19
20
29
42
51
61
69
66
59
59
59
58
52
41
38
43
52
57
72
85
73
36
3
5
36
65
80
68
38
20
27
42
53
65
70
70
67
57
50
50
55
61
71
81
81
82
75
67
52
37
21
9
8
19
33
33
18
6
5
6
18
27
36
39
48
50
41
33
32
35
42
43
33
19
19
23
23
23
33
44
51
42
38
41
52
58
61
57
50
49
58
66
51
38
42
55
61
56
34
17
10
12
21
27
27
18
-3
-18
-19
-9
0
6
10
18
22
28
32
34
43
53
57
57
52
41
28
19
11
18
29
41
42
42
38
37
33
21
20
36
50
51
45
44
43
39
40
48
56
59
53
49
52
52
51
52
44
37
35
37
38
38
41
48
50
49
45
40
32
21
23
39
50
54
56
56
53
48
39
40
42
45
53
56
49
37
33
38
48
50
48
41
41
49
57
55
44
36
40
59
73
67
51
39
37
50
58
53
41
33
34
39
53
69
70
54
34
20
16
24
36
39
36
28
26
25
25
26
35
40
26
-1
-12
-1
18
16
0
-12
-11
3
18
17
10
18
26
25
17
6
9
16
17
17
21
28
27
26
29
37
37
32
35
41
48
45
53
60
65
65
71
75
71
60
54
52
53
52
53
59
60
64
66
66
69
74
81
84
77
72
70
75
84
76
61
57
57
58
65
73
76
74
75
81
