43
37
27
26
36
48
37
11
-2
3
18
25
25
23
24
35
43
44
44
42
43
44
40
19
0
-5
5
25
18
-9
-33
-5
54
68
52
60
73
64
55
55
56
55
59
61
57
55
58
74
90
113
133
145
149
152
156
164
170
171
172
165
147
134
141
146
134
122
105
83
64
59
74
75
64
44
37
28
19
21
33
36
28
26
22
4
-7
-10
-13
-14
-10
-5
3
5
8
0
-22
-34
-37
-37
-35
-28
-40
-58
-58
-44
-35
-26
-20
-17
-11
-10
-23
-38
-38
-26
-10
-1
-7
-22
-23
-20
-18
-10
-2
-2
-2
8
28
38
35
29
27
34
41
39
35
41
52
53
54
56
58
58
58
55
49
48
58
69
73
77
84
87
85
75
72
81
88
88
87
90
86
74
71
80
82
81
84
84
77
71
60
57
58
52
49
57
65
59
58
59
67
76
87
96
97
96
104
119
112
91
80
77
82
82
73
65
55
41
27
22
21
27
38
38
25
12
5
4
9
12
13
11
19
26
33
33
27
24
22
22
37
40
28
22
22
32
50
66
69
74
72
72
82
83
82
90
83
54
39
41
48
49
49
55
69
72
66
64
72
84
77
57
43
57
71
70
67
61
51
41
43
45
40
34
36
54
60
44
35
38
53
84
122
145
150
156
164
167
181
192
188
177
164
152
152
152
148
148
154
155
139
123
116
105
90
73
68
80
90
93
83
76
81
77
70
54
41
42
43
38
26
25
28
25
32
42
43
32
17
10
12
20
21
16
12
10
8
8
11
17
17
11
16
13
6
1
6
16
27
33
19
5
4
20
27
26
28
39
55
67
67
57
50
52
60
70
64
44
27
22
33
57
68
50
36
33
35
28
21
12
7
12
20
20
27
38
53
69
72
59
44
44
56
57
45
37
36
49
65
67
57
55
67
73
57
41
38
54
75
84
66
37
23
25
26
34
48
43
20
9
33
53
50
27
17
11
7
4
2
4
19
33
25
6
4
10
12
10
16
21
22
36
56
64
67
71
72
69
65
64
67
69
59
42
37
35
43
54
64
71
68
49
38
39
40
36
38
49
58
66
51
33
33
34
24
8
0
-2
1
4
4
5
10
16
8
-2
-9
-14
-17
-9
0
7
3
-11
-23
-17
7
23
26
18
-1
-12
-4
-2
-5
-4
-3
-3
7
37
56
59
52
43
43
55
59
52
38
36
38
38
33
32
40
48
49
41
39
49
55
54
53
52
42
39
44
51
53
56
59
64
71
80
84
87
88
85
76
70
65
49
41
41
42
48
43
39
42
52
50
41
38
44
50
56
66
67
55
32
19
26
39
40
33
32
36
43
58
60
55
58
71
76
68
54
52
54
57
55
49
48
58
72
91
138
193
231
247
241
227
226
229
227
219
215
201
182
164
149
148
152
148
139
131
118
105
91
82
81
75
68
61
61
67
68
61
45
36
54
96
119
106
72
48
45
64
77
85
76
55
42
44
56
64
53
37
32
27
26
27
22
17
24
39
42
37
33
35
34
28
25
20
10
2
-4
-5
3
10
12
9
4
2
4
4
5
9
10
4
0
0
-5
-20
-37
-50
-53
-51
-41
-38
-39
-39
-41
-39
-33
-21
-18
-22
-27
-27
-27
-36
-35
-23
-11
-9
-14
-24
-33
-37
-28
-24
-33
-40
-42
-45
-53
-56
-53
-46
-49
-50
-53
-53
-46
-38
-36
-36
-35
-36
-33
-25
-11
1
5
0
-9
-12
-12
-3
5
6
4
6
7
-2
-17
-23
-22
-14
-13
-21
-22
-17
-8
-7
0
11
25
40
54
66
74
75
76
87
92
80
57
41
42
57
73
71
59
55
59
67
75
80
72
59
55
59
68
71
67
65
67
59
44
42
55
73
84
74
57
48
40
39
42
44
43
52
57
55
48
44
48
44
45
56
65
67
71
80
82
84
87
86
76
73
77
73
56
43
49
59
64
56
65
76
83
84
83
76
72
66
60
57
56
53
50
44
38
35
36
44
56
65
68
70
72
74
76
84
91
96
97
91
80
72
80
91
96
93
92
85
82
92
98
86
71
69
73
82
85
82
73
70
70
73
73
75
83
85
83
72
55
48
52
60
72
80
84
88
90
89
89
91
97
101
102
99
97
90
82
69
56
49
41
41
40
39
39
40
53
73
80
70
64
61
66
69
68
71
83
84
82
83
89
93
83
75
71
58
57
67
53
26
34
59
82
97
99
73
55
75
91
107
146
170
176
169
178
200
208
198
177
149
129
124
130
123
107
105
120
128
119
117
130
137
128
107
90
87
102
119
118
103
92
92
91
73
50
35
32
40
60
74
73
50
35
40
44
54
66
64
51
48
51
41
21
10
10
17
17
9
0
-13
-36
-58
-60
-39
-28
-41
-51
-53
-54
-55
-59
-62
-57
-49
-42
-34
-24
-19
-20
-22
-19
-8
-9
-19
-22
