70
71
59
40
26
28
45
59
64
57
56
65
68
60
60
71
82
82
80
74
71
69
67
61
56
49
38
29
22
21
29
35
29
22
17
19
22
20
17
22
39
50
44
38
39
42
40
34
32
44
58
56
50
43
45
51
49
38
35
41
52
51
44
40
45
51
43
34
38
51
53
51
51
55
60
53
43
36
26
28
42
56
73
77
72
74
83
74
50
29
38
53
54
42
29
24
26
32
35
21
6
-1
7
43
67
64
50
50
64
84
99
112
103
82
66
72
106
136
136
122
112
107
124
156
173
170
160
148
134
129
128
118
109
114
118
108
88
65
48
56
69
66
55
45
37
35
37
40
45
41
23
5
0
6
10
6
3
6
9
13
22
26
22
20
23
24
10
-2
-12
-23
-25
-19
-8
-2
-3
-12
-21
-23
-21
-20
-17
-19
-21
-10
-3
-5
-6
-6
-11
-19
-21
-21
-18
-7
5
21
39
51
51
40
38
58
77
67
34
4
0
20
43
51
43
37
41
55
68
70
54
34
22
22
34
48
53
51
40
35
43
58
64
67
76
80
70
67
70
80
91
100
104
107
107
102
101
104
106
109
112
105
96
87
89
92
91
86
77
72
74
85
90
87
73
61
54
48
49
50
43
36
38
38
39
44
42
28
25
28
29
32
32
38
45
50
51
51
50
45
44
52
55
56
54
59
70
72
60
42
26
18
5
-4
-4
6
12
11
16
23
34
53
67
68
57
52
59
68
65
49
34
25
23
24
27
34
40
44
41
38
42
57
68
68
69
65
52
41
27
13
4
4
12
20
12
9
21
37
44
38
22
19
26
28
34
42
48
52
67
85
93
96
91
86
72
55
52
51
50
45
38
33
41
59
69
68
68
75
90
98
92
82
72
72
71
74
81
81
72
70
80
100
107
85
59
54
53
50
38
21
12
11
9
9
7
4
4
8
22
27
24
25
38
56
67
59
24
-6
-7
11
27
26
21
13
11
21
38
44
44
50
50
39
32
24
10
4
11
24
26
20
10
12
23
32
26
19
9
10
19
39
54
50
37
26
27
40
49
52
55
55
53
57
55
39
32
35
48
60
65
59
69
83
88
88
85
80
70
70
67
60
68
65
45
26
17
18
28
40
45
44
49
56
54
43
35
34
32
24
21
22
27
37
51
54
50
43
49
57
58
45
27
20
20
19
19
23
26
23
18
11
12
23
41
56
57
53
49
48
54
66
66
60
69
81
86
87
92
97
92
92
80
58
49
52
59
60
59
66
58
48
44
53
65
75
85
87
84
74
64
58
60
59
64
60
50
40
45
50
57
61
66
60
48
37
34
41
58
74
77
70
59
54
50
44
42
42
41
41
50
51
40
35
36
38
34
23
23
33
43
51
48
43
44
48
44
41
44
58
72
76
71
68
69
61
50
45
54
61
68
66
60
58
53
53
57
54
43
42
55
69
69
51
33
28
40
57
65
65
70
74
67
44
34
40
51
52
39
25
24
28
32
24
18
21
20
17
19
34
36
24
16
17
25
42
54
51
49
54
68
85
92
85
71
56
52
64
75
81
74
64
55
54
58
54
39
34
49
65
65
56
58
60
50
37
40
54
60
59
55
54
50
41
40
44
44
41
43
60
75
74
72
61
59
66
65
60
59
57
56
64
71
68
59
56
57
57
59
57
50
41
39
49
61
72
74
70
71
84
91
85
72
70
75
81
80
71
70
70
64
41
20
20
37
57
73
75
60
48
51
57
43
35
40
50
54
54
53
48
44
43
44
43
27
12
1
-3
3
13
18
20
29
44
54
56
58
65
73
67
51
41
39
48
53
40
27
21
19
18
12
16
24
27
25
23
28
34
35
35
36
36
36
35
32
36
39
34
20
5
0
-5
0
17
26
34
38
44
38
25
16
11
9
12
42
89
123
137
137
147
167
185
192
193
176
153
134
117
105
101
100
100
97
93
91
91
89
88
84
82
88
91
81
66
64
56
44
44
57
69
66
42
26
25
36
43
34
11
11
28
40
27
9
4
-2
-13
-23
-22
-12
-3
7
9
6
9
25
43
56
53
41
33
27
26
29
36
41
45
37
22
21
33
36
26
22
23
17
4
-4
-5
0
-2
-3
-1
2
2
-2
-4
-1
1
0
-5
-9
0
18
22
10
-4
-10
-13
-8
7
23
33
36
38
42
44
49
49
34
23
43
61
56
52
60
48
24
38
55
57
54
55
58
65
59
50
55
80
98
93
85
89
87
87
112
134
138
141
136
130
120
104
104
132
156
160
160
157
140
118
117
129
129
123
108
97
89
74
61
59
64
55
50
49
43
37
41
50
50
36
10
1
1
2
-1
-9
-4
5
4
-11
-36
-51
-45
-27
-12
-22
-49
-59
-55
-52
