19
28
32
28
27
24
21
24
37
50
45
29
24
35
40
43
40
38
40
42
43
44
43
39
44
49
43
37
21
8
6
9
23
39
50
53
48
37
29
38
55
84
99
90
84
85
87
88
81
70
60
64
68
64
38
21
21
4
-25
-24
13
36
18
11
33
55
64
61
52
28
26
58
96
102
80
57
55
68
82
88
100
107
100
83
66
57
69
77
75
83
99
105
91
67
41
29
44
64
68
64
49
33
35
49
58
56
40
25
13
5
1
11
19
9
-5
-20
-28
-39
-51
-56
-59
-54
-41
-39
-40
-37
-37
-33
-22
-26
-39
-45
-49
-38
-24
-23
-25
-18
-8
2
13
17
11
10
8
11
24
38
44
39
25
23
34
52
58
55
42
26
27
37
38
26
21
28
32
25
26
39
54
60
68
66
58
50
39
29
34
51
67
74
72
64
57
54
56
60
64
66
66
59
64
72
77
80
74
65
60
73
80
69
58
70
87
84
75
73
82
89
84
60
40
37
48
59
60
51
52
68
80
82
80
86
96
90
83
76
72
72
76
81
75
74
81
85
86
77
70
66
69
74
73
73
72
71
72
72
71
75
73
68
64
56
51
42
42
54
66
64
43
33
29
37
51
55
59
68
82
89
85
76
75
82
89
92
86
82
85
82
71
64
60
55
55
65
70
69
61
58
54
53
52
49
45
50
57
59
55
39
24
27
38
34
18
8
6
2
-3
-7
-7
-1
16
28
35
40
51
54
45
37
35
44
49
35
25
24
23
17
11
18
33
49
50
39
35
38
39
34
23
18
20
22
29
38
26
7
3
17
38
51
41
36
39
48
51
52
37
17
-5
-9
2
12
11
5
12
26
28
22
25
42
64
73
68
49
33
35
37
27
24
26
35
35
21
9
21
35
37
27
27
39
52
56
67
73
67
53
42
37
32
22
18
25
48
59
50
38
35
43
53
60
60
44
34
34
37
28
20
22
35
44
42
35
27
24
35
52
58
52
48
51
55
50
37
27
24
24
24
28
35
35
38
49
65
68
56
49
48
42
37
27
21
21
32
42
44
43
50
59
60
53
41
37
39
41
49
55
57
58
64
65
68
72
73
71
66
60
52
44
41
43
37
33
35
44
56
67
71
71
66
56
52
49
48
48
48
44
37
27
23
24
25
33
48
57
55
51
45
39
38
41
51
57
53
51
51
51
48
42
52
59
52
37
32
36
45
58
66
58
48
39
42
48
52
54
53
44
48
60
71
72
64
48
41
38
35
34
35
38
49
55
53
38
27
28
29
23
19
22
27
40
50
50
52
55
54
54
57
67
67
56
49
53
58
55
54
56
65
84
98
91
74
74
81
75
67
61
56
49
38
32
32
35
43
50
45
41
38
36
36
41
54
65
66
56
42
39
40
41
43
43
41
34
24
19
18
12
17
23
19
13
12
17
19
22
27
37
49
61
74
80
81
82
83
89
88
82
76
70
73
85
89
85
77
76
80
77
74
58
44
43
52
54
60
67
66
67
69
66
54
41
34
28
25
28
40
49
52
58
72
83
71
32
3
8
38
64
60
52
54
58
56
55
64
66
67
57
43
36
28
33
39
44
49
48
40
35
37
41
37
33
37
43
50
48
49
53
58
59
60
71
75
72
68
69
71
71
65
58
55
54
51
43
38
28
28
43
60
68
61
52
50
51
49
48
51
53
54
55
59
65
65
64
58
56
50
35
21
8
6
11
22
33
36
43
57
59
55
56
60
64
70
72
75
76
81
85
84
84
89
86
71
68
82
98
99
88
86
89
88
82
72
67
58
49
50
67
84
91
98
99
92
92
98
96
75
60
57
59
60
68
72
65
43
32
26
29
40
49
44
36
33
42
51
50
49
41
32
21
19
28
41
42
41
43
42
32
18
6
5
16
20
16
18
39
59
56
41
34
32
43
57
57
38
33
50
69
69
52
39
34
33
24
18
29
59
74
69
57
55
58
60
52
38
34
36
38
42
40
39
49
52
58
69
64
52
55
57
50
44
48
43
37
33
25
20
24
40
53
45
32
28
34
35
35
28
16
12
20
21
13
6
7
9
11
13
8
0
1
6
10
7
10
19
17
16
20
29
40
36
24
21
23
29
40
51
49
42
41
41
49
56
56
56
54
48
45
44
40
39
42
42
43
48
37
25
20
19
17
17
20
27
28
32
35
39
41
42
50
57
64
60
57
56
65
71
60
43
38
42
45
37
39
45
42
36
21
28
48
41
19
21
56
80
65
39
40
58
76
80
55
38
39
58
83
85
84
96
107
102
103
107
97
85
81
74
69
61
50
41
53
73
75
54
34
35
45
49
26
16
33
48
40
28
17
5
0
