41
65
49
17
20
55
74
64
55
29
8
12
45
72
27
-45
-61
6
69
93
83
75
80
82
90
75
49
53
85
86
49
21
5
-18
-10
-4
-34
-70
-65
-23
-4
7
16
-3
18
33
32
19
19
51
64
55
34
22
-7
0
33
48
70
72
22
23
35
43
74
77
70
76
48
0
18
44
25
-18
2
51
85
101
88
44
27
36
32
9
35
80
119
116
72
51
49
66
102
113
88
38
-14
-26
22
55
58
61
41
-7
-49
-3
53
64
74
66
40
34
38
42
37
57
92
90
90
85
60
41
75
130
147
145
83
42
60
52
20
33
66
53
9
-17
-4
49
97
88
54
35
40
53
51
48
77
112
100
59
38
54
69
82
93
81
48
10
1
1
22
45
77
68
24
-43
-54
12
66
59
32
38
33
28
60
90
112
83
37
55
68
40
45
76
69
11
-19
25
88
93
80
81
56
38
51
64
67
60
28
-6
10
17
-4
-7
25
56
54
39
43
75
87
39
16
39
50
18
25
65
17
-73
-60
-10
6
-4
-19
-67
-60
12
116
166
130
38
16
60
97
77
49
24
24
36
51
42
51
87
103
100
69
76
118
116
98
102
115
100
45
39
58
24
6
-6
5
51
56
44
53
80
107
123
69
-35
-49
-3
24
60
71
21
41
98
92
41
-38
-39
43
112
87
38
6
-3
35
68
87
60
6
-50
-36
44
115
117
80
70
92
121
153
150
130
91
66
45
20
-10
-46
-19
59
96
51
-13
-38
36
97
68
73
149
184
132
36
17
83
131
80
23
2
-1
22
36
44
50
25
18
48
74
98
88
34
22
22
20
43
39
49
85
67
35
32
70
123
92
39
52
81
91
77
50
39
10
4
53
102
88
24
-22
-17
0
23
65
106
89
59
59
101
123
100
49
-6
-23
-3
7
-39
-114
-83
8
60
87
100
97
70
59
72
52
18
19
25
57
101
102
57
38
99
172
140
28
1
43
92
76
16
-20
-35
-14
28
51
57
73
42
-6
-28
-3
20
6
3
43
84
88
66
49
53
38
26
19
34
23
-9
-21
-6
-14
-17
-9
-6
37
53
50
32
-7
-3
54
97
70
19
22
70
108
101
35
1
33
51
41
9
27
97
114
90
66
67
96
138
133
67
34
57
99
98
72
65
70
69
49
40
66
36
-10
3
27
0
-45
-21
69
137
123
80
60
69
80
103
108
101
113
97
39
24
60
92
89
76
53
42
8
-10
3
44
70
39
28
35
41
52
44
16
38
66
64
40
9
5
48
65
27
-33
-19
24
71
98
66
36
17
43
86
45
-8
13
74
64
33
42
70
103
130
124
103
68
37
28
26
26
19
50
87
84
23
10
26
67
89
82
40
4
37
91
96
92
106
108
96
69
16
-6
6
10
26
64
84
76
40
10
17
5
25
44
33
0
-72
-88
-3
71
92
106
129
115
36
-28
-60
-68
-73
-45
4
29
5
-28
-29
-33
2
36
41
49
27
0
-10
9
69
118
106
50
35
60
64
39
-22
-56
-37
-23
-17
9
57
80
84
58
11
18
8
7
36
34
18
40
55
34
6
0
64
100
123
119
60
20
25
44
22
3
-7
-12
-20
10
48
18
4
40
54
50
59
84
87
90
92
73
43
4
13
80
85
50
11
-1
25
23
4
8
18
10
48
90
85
71
58
19
-18
17
92
121
59
5
21
51
60
59
54
57
64
21
-18
-11
59
91
93
88
88
71
60
76
76
83
86
80
70
44
56
107
129
114
102
90
70
33
18
37
43
54
58
55
51
54
69
55
9
9
56
82
59
44
66
107
90
51
48
59
35
12
1
2
3
17
-5
4
71
129
135
100
69
74
84
65
70
84
74
1
-33
12
72
72
37
10
-12
-45
-21
59
91
27
-23
3
54
88
113
113
82
39
32
49
54
48
5
-28
-4
25
44
40
16
20
41
23
-18
-7
24
23
0
20
81
112
112
88
60
60
75
81
67
40
34
17
-3
7
38
61
56
24
8
21
49
85
56
19
24
42
89
121
116
76
39
25
29
39
22
-23
3
68
103
96
53
37
60
117
109
69
43
11
6
35
6
-21
-7
4
22
67
69
-1
-37
13
106
140
90
44
22
40
87
82
75
65
73
59
35
64
89
74
76
82
60
41
69
107
85
19
-17
23
73
39
42
54
50
81
103
20
-37
4
40
69
74
13
-4
45
102
130
136
114
86
86
88
105
109
44
-7
-10
7
35
64
71
64
71
57
21
34
41
56
80
67
53
84
123
115
48
23
55
75
80
54
39
49
50
12
2
40
97
89
52
27
16
12
18
13
37
67
75
85
51
11
11
41
83
96
52
20
28
24
3
-23
-19
-14
-25
-20
6
3
-6
19
42
53
112
169
128
40
36
92
125
76
3
10
37
74
113
134
108
40
28
83
112
99
96
81
40
44
