18
-5
19
74
97
42
0
25
58
38
24
34
48
23
13
26
41
58
40
18
58
108
131
81
29
53
100
117
96
84
77
34
-13
-51
-81
-9
90
103
36
-20
-17
5
7
7
9
32
71
88
60
27
28
20
12
7
-7
-9
-34
-35
-6
9
-1
0
65
115
133
108
65
21
37
60
7
-43
-11
52
102
119
90
71
84
74
90
120
114
72
41
58
82
58
26
27
38
43
53
52
29
37
56
57
28
17
-9
-41
9
72
49
-27
-53
-26
12
32
39
32
-5
-18
4
33
25
10
17
37
59
58
86
82
8
-33
19
75
90
76
26
40
102
101
68
80
85
24
-5
22
57
87
102
71
24
5
26
61
74
52
28
24
13
-36
-43
3
66
70
44
4
-9
8
40
81
86
85
88
74
51
16
13
43
89
131
102
26
-19
24
84
116
106
48
36
107
136
105
82
86
131
183
182
91
43
51
65
12
-40
-29
12
32
18
41
69
88
102
106
121
103
72
97
113
70
33
4
9
56
82
85
75
74
80
89
98
99
75
39
33
51
51
67
89
92
82
70
97
90
73
80
72
64
55
42
9
-6
16
37
33
-2
-2
-1
-13
-27
-29
-22
13
24
-5
-19
-37
-55
-30
36
76
84
55
45
75
75
57
39
8
29
66
73
72
55
48
39
43
64
80
83
60
27
10
38
64
34
19
-6
-18
-5
24
48
48
37
18
7
35
73
87
90
77
16
-49
24
139
172
130
56
20
49
65
50
68
55
11
-11
4
16
18
48
75
43
26
42
37
20
36
43
45
75
92
87
26
-51
-51
23
68
55
59
91
64
-3
-22
-2
49
73
40
8
10
26
67
65
25
34
58
39
-1
-1
5
35
85
81
17
-57
-36
67
128
105
72
81
82
90
114
108
96
72
60
36
11
33
44
54
64
55
40
16
-18
16
41
25
18
29
39
56
100
118
129
122
92
52
23
20
39
35
8
-29
-70
-22
43
60
58
51
50
56
52
54
75
117
119
52
12
54
81
75
81
35
-33
-26
35
44
21
-25
-54
-13
57
122
166
141
56
5
-10
22
85
96
56
-25
-61
-6
67
83
64
73
91
69
51
72
87
67
60
77
84
54
-29
-55
-17
23
24
3
5
24
40
37
0
-29
-25
-68
-59
20
70
80
81
74
83
114
149
121
81
41
36
35
28
60
75
64
54
49
87
130
141
117
55
-3
11
112
182
138
60
56
49
12
0
24
56
28
7
7
22
44
52
43
-12
-44
-18
22
59
98
113
92
67
67
106
145
151
123
42
18
65
84
61
20
21
10
-12
2
53
85
84
52
64
101
103
108
92
22
-12
-4
42
88
64
3
6
10
33
49
33
8
10
32
34
44
59
40
-12
2
27
55
120
144
103
58
64
108
136
104
59
9
-8
6
43
68
58
38
17
26
52
76
81
44
16
-19
-44
-36
4
32
59
85
82
69
52
25
-1
4
39
36
11
39
60
40
7
8
59
67
50
76
98
91
75
29
22
73
106
104
74
64
43
67
130
132
96
57
33
51
85
38
-34
-11
51
42
-7
-9
17
12
3
40
56
3
6
59
51
7
26
59
68
49
28
54
71
86
80
65
40
50
89
114
107
117
153
154
96
33
27
18
-10
10
60
107
70
27
20
-25
-26
24
34
-26
-22
42
49
44
60
74
123
169
168
104
38
-7
-35
-26
25
23
-10
-27
-34
-35
-7
36
57
83
83
59
38
32
54
13
-53
-7
38
8
9
42
80
131
152
119
82
102
118
59
-9
-42
-27
49
105
133
97
27
44
66
52
49
43
43
55
67
59
49
16
-19
-21
-17
6
8
-21
-23
2
26
66
92
105
106
100
99
101
115
138
128
69
50
52
52
75
68
50
3
-41
-12
52
64
80
89
83
75
43
-11
-18
12
8
2
-22
-28
4
-50
-68
3
65
67
69
75
66
65
72
68
53
44
40
8
-12
-23
8
60
103
108
96
59
33
40
56
64
51
42
67
91
116
131
154
163
137
74
19
-18
-3
-6
-43
-67
-26
8
16
55
85
58
36
55
86
116
118
69
25
1
-5
27
59
39
6
6
-7
-9
22
60
89
97
77
42
9
35
71
92
102
75
48
1
-3
65
132
132
83
57
44
27
49
80
104
75
-22
-73
-19
80
129
76
-6
-7
53
96
118
114
85
38
3
2
24
34
6
-26
-39
-49
-37
18
21
-35
-78
-36
3
5
-1
23
64
55
24
70
130
99
11
28
105
100
36
36
54
74
67
42
88
129
61
-11
-2
41
70
70
69
69
80
102
123
90
71
76
73
37
-33
-90
-50
11
72
112
97
35
-30
-28
42
70
64
69
50
-17
-26
7
92
167
139
86
64
74
90
66
53
66
33
-57
-75
-38
-9
4
-12
10
42
76
109
152
124
54
44
81
120
90
42
42
53
66
96
80
33
24
24
34
25
12
28
50
56
42
26
25
