54
33
1
10
39
64
52
33
8
28
65
56
54
69
34
-20
-4
34
50
9
-37
-25
41
55
36
18
23
59
68
60
72
89
98
72
34
57
97
87
21
1
34
61
86
68
41
26
34
55
71
60
27
39
72
75
50
44
71
90
97
99
84
81
91
101
86
68
39
21
20
20
7
10
21
26
48
59
48
55
38
3
-2
54
82
76
60
77
81
22
16
80
104
49
36
64
70
37
-2
-37
-25
2
19
54
84
86
27
-11
-11
-5
28
49
70
52
-7
3
39
73
91
83
68
42
60
98
117
107
59
72
92
73
52
25
17
-5
-12
3
50
82
70
37
48
87
99
80
59
42
42
61
80
67
51
52
70
60
5
-51
-29
13
41
59
38
16
9
33
86
106
77
45
7
9
64
73
41
9
9
41
57
10
-69
-71
-12
54
84
85
36
-22
-14
68
139
118
35
-43
-19
55
105
113
102
100
104
97
49
-24
-84
-12
58
53
22
20
65
65
75
119
128
96
48
12
20
21
22
61
69
58
81
76
59
48
34
54
108
89
7
-1
43
64
52
44
40
21
10
20
40
54
55
54
32
22
21
38
26
-6
12
73
71
26
22
57
93
88
28
29
72
99
73
28
7
-9
5
72
130
103
55
41
44
49
48
18
-29
-23
25
54
35
6
-2
17
76
106
59
36
61
72
33
10
28
76
76
76
99
113
96
24
-56
-13
103
150
104
24
44
119
116
101
124
137
128
116
102
85
53
-17
-33
4
45
37
-29
-39
-13
36
64
58
70
71
82
97
80
48
44
71
73
68
80
75
57
17
-17
9
54
44
9
9
54
50
8
-1
5
45
81
65
25
19
37
67
101
69
-24
-36
38
102
129
105
59
54
59
60
90
128
116
55
16
24
8
-27
-71
-106
-42
72
138
119
11
-67
-27
74
153
131
56
28
48
55
34
-10
6
82
100
65
56
68
37
44
71
64
27
21
36
51
49
12
9
27
42
43
28
5
-10
0
-4
-23
-7
26
43
-10
-37
16
61
84
71
16
4
60
85
82
42
16
57
81
83
88
104
117
91
67
33
-9
-5
49
98
85
33
-8
-26
-34
-34
-19
18
73
98
41
-36
-3
54
56
77
98
52
40
80
84
64
51
37
60
83
80
51
19
8
-2
-6
3
11
37
9
-21
18
66
53
42
80
123
116
71
49
41
59
85
102
91
54
24
34
19
10
28
57
88
113
102
67
32
50
97
115
92
81
74
35
-11
-9
35
80
101
57
-22
-51
-4
16
-6
-19
7
65
83
51
17
33
73
80
36
-20
-23
27
28
-17
-30
-13
27
55
49
21
7
36
25
-5
-3
8
23
49
53
73
102
98
39
22
58
71
56
17
-13
21
88
88
54
64
112
137
131
92
58
76
106
84
48
42
24
8
10
33
70
72
-5
-37
7
55
43
20
18
39
38
34
67
32
-26
-22
24
42
40
27
22
43
92
135
98
39
43
92
125
115
68
36
38
26
51
114
131
92
39
11
25
51
48
32
25
32
4
-17
-18
5
52
49
28
53
69
71
67
55
71
96
103
71
71
104
108
70
83
136
146
85
40
73
104
64
16
36
67
48
38
65
77
44
-28
-66
-14
40
40
10
-22
-21
-7
-6
-6
38
96
131
123
74
44
50
64
86
105
113
89
65
85
106
83
64
40
9
-19
-10
37
45
26
5
18
73
88
58
39
10
9
59
97
98
80
37
5
17
53
76
67
49
38
21
55
103
60
37
82
128
123
58
12
39
33
-43
-30
28
42
23
21
55
88
83
81
99
92
72
82
72
54
39
10
34
71
69
27
48
82
76
52
32
5
-39
-44
-3
37
33
10
22
40
52
49
42
33
32
26
-3
-3
8
23
45
57
52
53
41
4
-11
4
5
-26
-11
17
10
-8
23
88
112
98
71
52
71
81
66
40
0
-21
5
48
101
135
82
-35
-43
34
88
116
101
67
6
-84
-65
33
122
116
92
89
89
72
67
72
39
18
72
75
37
42
56
-13
-89
0
89
81
48
50
60
67
42
9
32
68
82
67
49
45
67
83
82
76
86
98
102
86
51
32
44
64
83
56
24
36
60
67
41
27
28
57
70
19
1
55
108
105
69
68
97
82
42
32
54
57
64
83
87
67
41
34
6
-23
-8
6
-21
-41
-24
-38
-38
-12
1
6
12
44
60
70
65
65
72
80
60
18
-5
-18
0
35
26
11
4
-24
6
65
72
27
18
40
64
43
59
109
123
118
102
88
68
82
98
81
67
81
77
35
27
74
98
61
12
-20
2
76
96
68
64
38
10
11
59
86
73
61
25
-11
1
59
81
83
57
2
-4
20
24
37
39
84
125
124
107
107
121
113
60
17
18
64
52
35
28
51
83
118
108
86
97
92
70
34
9
11
60
103
72
2
-44
-14
49
74
43
-19
-14
42
89
75
