58
67
16
3
39
64
72
80
75
54
58
73
49
3
-2
0
24
91
139
114
56
44
92
88
21
12
52
88
101
90
74
41
19
53
93
97
74
23
-46
-103
-50
76
157
150
83
51
83
100
96
97
57
-13
-20
19
43
32
51
80
86
68
42
52
68
41
-8
-23
-3
-14
-24
3
58
84
52
38
66
99
97
65
66
72
67
66
68
66
84
90
59
50
59
43
24
7
28
39
44
58
66
42
7
40
101
125
112
74
54
89
96
48
-1
-10
8
33
37
-5
-35
10
73
54
2
-13
33
83
93
88
27
-39
-13
42
73
87
67
45
26
17
39
98
133
102
38
12
0
-20
-10
-10
-37
-82
-69
9
38
26
53
57
1
-12
21
73
113
71
-8
-33
16
22
19
69
102
33
-7
20
61
103
98
89
128
137
72
36
89
103
35
26
65
92
70
58
50
25
64
134
117
42
-20
-24
-21
-1
41
51
33
34
35
39
49
66
84
60
28
17
10
40
84
101
96
83
54
37
41
25
16
33
59
32
-36
-55
-22
-4
-24
9
60
25
-18
-4
38
41
57
83
100
106
104
74
18
-6
51
119
119
65
22
29
70
71
77
99
106
43
-37
-7
86
106
74
73
69
57
74
99
106
91
39
-6
-8
13
59
102
60
24
42
70
33
-6
-13
-43
-55
-17
16
22
16
24
5
-33
-3
70
130
139
87
3
-23
4
39
73
70
69
61
36
34
42
-5
-49
-6
56
60
45
56
71
80
91
102
88
85
113
136
91
27
-10
-17
-14
-20
-13
5
28
22
34
76
92
82
69
61
69
76
65
103
147
132
85
68
41
50
70
37
-20
-18
12
16
4
-4
18
42
29
18
71
118
131
123
65
-3
-40
26
113
116
64
10
-8
7
42
74
41
0
32
64
70
49
18
3
10
41
23
10
72
132
140
97
20
-66
-61
27
68
70
73
41
2
-23
24
74
50
10
8
16
1
-26
9
73
86
56
52
84
74
-6
-26
49
90
70
25
19
40
48
68
113
121
107
51
-37
-27
23
44
67
60
22
-21
-9
60
108
114
97
77
77
85
96
106
99
64
20
19
22
19
28
42
55
68
57
34
69
116
97
64
93
121
82
4
-20
6
33
11
-30
-55
-37
6
54
83
72
41
32
86
90
35
-8
-17
0
33
67
89
85
3
-60
3
84
96
64
18
-6
-7
11
69
116
102
82
55
36
50
84
105
113
91
57
67
84
89
67
40
11
-14
-40
11
65
52
70
81
56
71
72
68
73
58
67
59
48
70
90
88
97
121
132
58
-7
35
99
64
3
52
131
114
39
13
68
121
90
13
-18
1
22
9
-26
-22
34
68
66
69
57
69
75
85
98
118
106
115
162
165
76
-1
8
64
92
75
34
36
67
75
41
17
28
66
76
32
11
7
12
54
92
83
33
50
99
80
5
4
54
71
38
18
8
-17
-2
58
90
70
0
-36
28
131
132
106
105
88
96
98
55
61
82
68
53
65
74
66
24
8
13
26
-1
-29
-45
-40
1
33
53
16
-6
10
61
98
115
115
100
53
-2
-22
-11
24
81
96
59
4
-2
27
42
44
44
9
-3
33
69
69
69
58
39
23
19
58
71
43
0
-5
34
66
73
72
45
33
28
41
72
43
-19
-39
5
72
97
98
86
69
97
84
9
-13
42
68
43
32
29
38
43
52
49
58
68
56
26
-9
4
55
85
68
44
41
28
44
71
71
8
-59
-55
22
83
86
72
64
60
41
49
96
88
21
-9
1
27
35
55
71
91
87
33
8
45
48
41
45
73
37
-7
45
101
100
83
89
112
104
100
74
34
35
59
67
44
26
11
1
5
34
66
53
18
-19
5
58
64
59
57
34
22
58
107
83
60
58
49
40
-3
-43
-61
-60
-10
50
101
80
-4
-5
44
59
42
50
82
85
43
43
103
130
133
138
116
81
90
123
130
57
-53
-74
36
120
129
81
58
71
73
82
76
34
16
16
9
1
11
27
32
18
9
-4
-35
-5
69
108
68
4
-4
8
36
83
92
43
12
5
-7
-18
-6
25
71
100
75
37
-2
-29
-22
-35
-71
-36
43
96
105
102
88
49
55
83
65
36
23
20
11
4
12
42
75
87
81
40
2
0
2
23
38
55
74
81
81
57
42
66
59
5
-6
12
38
28
24
35
27
34
40
60
80
89
70
52
66
99
115
86
65
77
76
86
102
113
112
90
86
80
66
84
88
59
50
61
57
35
52
99
113
97
81
76
65
65
58
70
80
41
-2
-1
27
56
50
38
60
80
73
64
72
108
103
25
-5
29
99
87
7
11
68
105
101
71
32
-26
-52
-11
67
71
8
-11
18
57
68
55
48
43
50
37
-22
-71
-35
42
85
74
29
12
24
19
27
54
65
12
-56
-60
-1
100
163
99
-2
-8
24
33
84
123
65
3
-5
33
27
-13
-1
41
