25
32
64
115
141
116
74
53
73
123
131
91
54
49
70
69
53
74
82
48
6
-20
1
55
76
89
73
18
-18
13
38
36
18
-17
-3
32
25
18
-11
-37
-26
11
75
90
35
32
53
37
39
43
42
38
38
27
9
4
-13
-43
-97
-66
36
66
18
10
65
122
135
99
68
82
105
123
124
76
24
10
20
0
-20
1
29
50
49
52
42
0
-8
21
66
89
104
81
18
-11
32
84
82
53
57
71
32
6
37
76
80
65
36
0
-7
33
16
-39
-40
-10
28
113
180
166
138
140
153
144
133
163
146
71
27
21
-5
-7
37
67
80
55
59
71
39
13
37
69
90
85
88
44
-20
-24
37
74
40
17
74
133
124
103
96
107
102
60
33
36
90
132
85
3
2
73
88
8
-38
-11
22
12
1
40
82
67
20
-2
-27
-61
-42
18
60
37
-9
3
57
67
73
81
71
36
10
8
40
41
4
-2
5
19
58
88
54
39
38
22
12
12
8
19
60
89
90
61
32
17
59
101
92
70
27
-13
-29
-20
-7
19
20
10
9
55
112
97
39
23
54
75
71
70
76
75
25
0
52
84
39
-8
-1
10
40
76
69
36
39
67
86
92
87
77
88
124
112
69
56
85
89
65
58
72
76
60
85
85
19
8
67
100
90
87
83
43
1
9
27
23
23
37
36
5
4
66
106
89
68
99
177
204
136
69
73
90
68
41
51
65
53
34
34
6
-65
-69
7
57
59
43
43
42
54
80
113
152
123
6
-40
-24
-11
10
56
74
49
52
101
136
101
12
-53
-60
-1
84
97
38
24
48
91
145
165
113
39
8
0
22
58
68
66
84
83
52
34
36
26
41
76
69
22
11
45
80
90
64
8
-19
12
39
53
38
-4
2
44
90
70
50
48
-13
-7
70
112
76
19
21
67
87
59
3
-10
26
32
5
-20
3
53
29
-51
-41
44
100
68
16
-30
-38
26
82
86
77
67
70
55
25
33
7
-11
27
61
77
67
12
39
98
108
74
65
72
61
77
88
71
26
-13
10
48
64
71
88
97
56
45
60
72
101
98
83
83
66
52
57
34
17
35
36
41
45
39
26
0
11
77
99
45
-41
-81
10
87
76
75
76
61
37
25
44
68
58
4
-24
-2
34
24
10
22
51
67
36
6
3
60
86
43
-11
-34
10
75
85
34
10
40
45
21
-4
16
85
93
1
-53
-36
38
76
90
92
16
-14
44
104
84
49
83
132
123
101
76
27
11
74
97
17
-43
0
55
75
90
112
128
120
81
57
40
49
35
27
3
-9
34
70
74
69
52
8
-8
32
72
48
25
38
65
92
41
-11
24
96
98
23
17
53
85
61
21
35
34
38
80
100
74
59
80
89
82
84
81
42
-5
6
43
37
-18
-35
16
48
17
0
-29
-53
-8
19
-2
-3
41
92
118
134
147
132
84
32
23
64
70
58
36
38
84
115
97
11
-2
38
60
84
70
0
-27
3
83
156
123
24
13
52
57
64
64
44
38
35
19
-28
-84
-38
54
74
67
53
37
51
86
128
116
56
18
1
-7
-10
-9
8
42
54
27
4
-8
-17
34
68
44
19
-5
-11
20
43
56
67
73
44
-9
-9
40
53
25
-7
-46
-52
12
66
71
75
55
36
69
105
91
91
88
61
28
6
6
51
90
74
54
32
42
72
80
70
67
40
3
-1
8
24
13
24
55
54
23
23
32
7
12
28
38
67
55
11
-5
11
71
107
90
43
55
102
120
89
58
43
5
-26
-24
-4
-12
2
25
3
-4
53
68
56
88
85
24
-7
4
56
98
70
36
5
6
56
134
150
75
25
8
32
74
74
42
7
10
27
24
11
10
22
54
76
66
67
87
105
121
123
104
42
-9
32
98
117
85
40
38
75
64
36
28
17
-27
-28
12
68
85
87
81
89
82
84
70
34
16
12
10
7
-4
1
21
51
85
102
39
-50
-25
56
108
100
53
4
17
43
56
60
70
64
54
80
90
83
55
-5
-19
25
48
39
17
17
60
92
59
13
50
117
99
29
-23
-40
-6
33
54
108
160
166
149
121
85
52
-26
-52
10
53
44
12
7
38
72
100
117
113
99
50
-7
-2
10
24
42
76
96
67
8
-6
36
55
82
112
59
-4
0
33
77
88
70
51
44
29
-4
-2
51
88
65
53
51
25
-8
6
68
44
-13
3
74
114
96
43
39
84
100
67
9
37
88
83
33
33
66
72
58
11
-1
22
58
41
19
3
3
8
5
9
13
19
36
66
68
37
13
59
91
99
86
68
66
49
20
7
0
39
87
83
60
44
0
1
20
33
67
92
64
-2
-41
-33
19
68
81
54
39
64
91
87
81
74
42
21
49
87
96
41
1
24
56
72
84
76
48
19
-13
-9
32
21
21
50
75
80
24
11
50
56
65
73
55
28
49
