42
41
54
38
50
85
83
44
20
0
-34
-50
-46
-10
39
33
23
32
9
25
60
37
25
33
36
68
73
34
-4
-6
35
66
92
93
51
6
39
90
122
131
104
39
42
82
116
135
98
40
52
87
70
37
18
-2
-18
18
67
98
86
72
51
9
-12
41
104
118
83
-13
-89
-83
-7
91
129
123
88
101
118
93
75
91
87
36
-1
24
100
55
-18
-13
32
81
75
17
-11
27
67
22
-17
-6
-4
-4
48
134
151
87
-4
-6
83
134
98
60
42
33
37
67
91
73
43
67
113
119
109
118
118
92
84
84
65
21
8
22
25
8
0
-9
-33
-36
-4
51
58
39
18
-18
-19
51
108
68
13
1
-11
-1
41
66
57
54
69
49
33
38
37
32
54
73
82
81
82
85
66
69
67
36
-5
-44
-75
-73
-53
6
53
28
3
53
116
146
129
57
17
6
6
16
44
54
35
24
37
49
66
100
100
87
64
68
74
81
106
117
70
-5
5
61
82
39
-7
-6
-4
12
64
70
49
19
-26
-23
20
44
3
-37
-24
3
-4
25
37
36
67
102
100
89
103
114
70
9
-2
59
82
42
1
-2
54
101
121
131
121
80
32
12
43
90
77
45
33
36
12
2
34
32
8
10
13
-4
18
57
72
64
41
50
75
69
32
-6
6
42
64
68
51
50
81
101
112
96
68
65
65
57
6
-21
12
88
118
105
98
80
85
64
24
37
67
69
55
37
65
121
120
76
48
26
21
18
4
-14
10
33
34
26
43
44
55
65
54
4
-53
-27
-6
-21
18
87
103
60
39
68
83
108
113
65
-7
-44
-3
57
80
76
80
83
73
66
35
21
34
17
2
-17
-38
-42
-35
-30
-9
25
39
18
-7
6
51
72
48
-8
-12
-10
-1
22
10
2
-2
-36
-28
36
74
40
26
64
65
22
21
48
73
85
58
35
34
50
88
90
33
26
25
1
-2
41
88
75
45
38
59
73
70
89
96
81
48
6
20
42
69
65
28
37
58
93
99
106
90
82
93
66
27
55
102
105
85
61
21
36
49
59
52
28
25
26
21
23
-1
12
38
36
76
101
92
76
41
44
66
69
68
44
21
34
74
74
19
12
80
120
113
74
38
19
23
81
121
92
49
-1
2
54
82
66
44
8
-33
-25
10
37
24
7
22
11
-13
-11
26
48
24
17
16
37
85
109
50
21
61
123
136
81
6
-6
43
82
57
32
22
53
65
41
7
-11
10
73
134
147
105
76
104
164
197
152
64
23
42
72
54
24
25
42
41
37
44
21
27
67
75
71
80
83
105
125
136
128
75
55
73
81
59
20
23
65
83
98
92
73
40
18
54
65
11
-27
1
66
91
43
-6
25
98
128
99
99
124
122
76
37
28
58
73
57
11
-26
-33
-18
-18
12
61
56
7
24
89
130
108
67
19
-29
-9
37
44
33
21
28
8
49
76
80
124
113
17
-25
6
57
73
42
4
-4
-21
-20
33
82
107
93
66
57
85
91
8
-25
24
53
36
28
48
56
61
65
55
65
74
64
51
60
80
48
6
6
33
54
86
87
26
-17
-5
54
66
43
11
-5
27
45
19
20
32
24
36
89
90
57
81
124
125
85
44
64
101
90
5
-20
40
97
102
73
18
21
66
53
32
10
-27
-17
22
34
37
40
26
-4
7
81
139
129
48
4
52
56
43
41
18
8
9
9
37
33
-67
-74
16
81
75
-8
-24
69
129
106
66
66
36
20
52
86
99
109
98
55
26
37
25
20
68
93
81
70
57
45
39
40
28
26
58
56
1
-4
17
21
5
7
38
27
-7
5
53
103
112
70
52
51
48
6
4
43
42
-3
-52
-57
10
107
165
145
70
23
44
69
48
26
7
18
71
107
55
0
29
85
87
51
22
19
29
25
18
6
-19
-35
-7
17
9
-44
-42
49
132
134
101
61
39
49
42
74
92
80
65
45
21
16
16
51
69
49
43
74
89
51
25
12
-8
-17
19
51
12
-13
42
98
106
104
115
134
153
141
82
2
13
74
61
25
27
59
51
32
27
32
11
-8
41
75
64
86
113
75
10
24
99
136
100
59
16
13
34
34
37
52
28
-3
-13
-2
-5
-41
-44
-11
12
35
32
22
40
48
33
27
25
38
67
83
82
72
81
98
97
82
60
58
52
37
32
50
80
74
70
89
81
24
-9
23
57
56
40
20
21
11
24
64
68
22
-11
-7
17
28
34
57
59
33
34
44
66
82
91
91
60
29
49
64
35
1
26
72
49
24
41
53
42
18
35
37
10
48
99
87
22
-9
34
80
88
88
76
22
-29
-34
-24
-14
36
89
70
24
39
71
93
102
99
102
77
54
67
65
53
51
20
2
9
18
8
9
16
40
38
21
18
22
70
118
105
35
-25
-5
67
81
-4
-89
-88
-5
92
116
55
10
32
101
