54
7
54
98
87
48
5
-25
-62
-36
70
154
124
38
23
70
98
87
122
168
147
96
84
75
25
-20
21
57
43
8
-12
-19
11
45
53
57
51
56
102
121
108
85
66
34
26
26
52
69
89
118
118
88
42
9
19
71
104
103
50
2
-11
5
48
96
88
57
36
26
20
18
-4
-34
-37
-11
38
72
64
33
42
58
54
50
60
82
59
5
-5
16
33
40
69
76
56
22
21
71
122
117
40
8
56
100
131
108
65
36
41
74
60
26
26
49
73
92
100
56
22
-20
-25
35
88
86
35
-10
-11
51
118
139
104
73
56
61
55
40
44
57
40
19
4
34
67
85
72
54
42
39
32
-3
-28
-35
-52
-5
69
66
-10
-11
59
84
73
54
60
68
65
52
56
69
96
88
35
25
70
103
91
51
17
41
76
74
36
20
12
8
-3
-18
2
57
66
51
68
105
135
148
99
27
-11
-7
35
80
55
2
16
72
124
153
154
125
86
39
1
2
-5
-9
24
37
22
18
1
-23
1
67
97
76
37
4
17
67
98
85
64
69
73
22
-14
7
23
16
-12
-1
-6
-6
23
39
72
97
106
91
83
98
85
59
61
23
-33
-9
50
76
58
16
-13
8
67
54
32
29
36
38
8
1
35
86
117
122
81
13
1
24
50
60
73
75
67
64
76
75
26
17
32
27
-8
-62
-26
35
41
56
98
135
124
113
66
59
97
76
12
6
50
24
-37
-26
38
80
84
41
18
42
91
105
67
16
34
83
60
22
45
133
155
120
115
103
38
35
84
98
43
-23
-28
7
51
73
69
50
27
28
69
97
80
8
-49
-36
-23
-37
-2
59
50
9
0
65
138
128
115
98
45
12
27
53
80
99
97
82
68
37
35
36
3
-54
-71
-13
60
65
2
-58
-52
-8
50
81
69
43
19
26
52
48
10
12
24
64
87
69
29
4
38
100
109
60
20
4
-6
-8
-14
1
55
93
97
81
75
75
49
32
75
117
25
-86
-68
13
72
81
26
-68
-65
28
85
81
72
50
40
28
45
100
120
83
12
-29
-10
49
60
37
45
57
53
45
26
-4
23
64
38
36
64
69
73
90
81
68
89
108
101
54
19
1
18
40
60
73
38
-12
19
87
93
66
83
76
49
68
103
121
118
105
60
32
36
48
56
59
70
59
24
35
49
40
60
91
60
4
-11
-5
-11
-19
-3
-11
-9
22
66
57
-22
-9
58
69
52
35
-4
-36
-22
33
59
55
70
89
76
66
56
52
40
42
58
43
-34
-68
-34
10
55
66
33
6
33
52
52
59
58
37
28
42
44
51
44
23
12
48
81
54
13
48
80
87
84
42
20
38
37
-13
-13
-5
1
22
68
97
119
105
73
88
101
42
-5
1
35
96
122
80
16
-4
33
108
165
109
35
-43
-58
18
77
89
103
129
105
64
33
16
3
28
48
11
11
5
6
23
49
37
27
7
16
71
124
108
13
-12
72
124
135
117
54
44
70
87
74
13
-5
42
87
68
35
19
5
21
65
69
28
8
10
22
17
9
37
42
24
23
44
84
130
146
101
51
37
32
66
89
60
37
16
17
16
8
24
57
87
88
91
130
140
96
51
42
59
53
25
26
48
20
-17
17
76
89
44
28
38
25
11
22
8
-33
9
84
71
17
8
58
68
52
77
103
81
27
-36
-36
42
129
128
73
43
41
42
28
51
51
2
-21
-23
-34
11
45
21
20
24
34
59
55
35
24
37
69
49
34
72
74
34
-7
-52
-54
-28
8
57
70
65
50
44
33
34
89
150
122
55
45
86
117
72
16
16
52
6
-39
-27
-8
-3
32
82
85
44
-25
-69
-23
102
160
97
58
82
97
88
74
85
124
121
76
48
32
20
2
20
89
122
58
11
7
26
40
26
16
59
88
50
10
24
66
96
73
6
-17
18
65
99
67
52
93
136
134
84
65
68
49
13
20
5
-43
-50
-6
52
64
41
9
-7
-18
17
58
71
33
-27
-41
-2
42
89
93
64
55
103
108
43
25
69
87
80
65
41
-9
-34
35
92
108
100
41
1
38
76
90
92
72
22
-19
7
52
92
123
117
85
57
60
75
65
45
16
3
24
22
6
28
42
7
-21
5
25
35
80
115
86
38
27
71
108
88
35
-18
-53
-52
-18
43
58
1
-26
10
84
121
115
74
41
50
57
97
132
109
92
116
146
122
82
75
65
35
5
4
28
72
64
37
9
-4
24
53
84
72
38
4
4
75
134
114
58
51
89
93
27
-44
-26
34
40
12
23
67
97
102
102
82
33
7
20
36
42
34
1
-7
-7
13
82
75
32
27
38
65
81
71
89
112
107
87
56
52
53
4
-13
24
41
35
49
77
71
28
7
23
57
60
58
65
73
76
60
43
33
26
51
42
8
32
72
82
53
21
64
103
49
-60
-99
-52
-34
