21
51
74
60
53
37
40
39
28
-5
-22
11
37
22
18
12
23
51
99
115
104
88
76
61
77
105
106
102
100
87
65
54
55
45
29
-28
-39
8
37
24
3
-22
11
77
71
40
21
4
-29
4
59
65
67
70
74
103
101
75
67
60
43
54
65
-3
-19
43
102
90
54
39
66
130
135
82
24
-2
38
82
67
22
-7
-3
21
21
-12
-20
16
23
-4
5
67
104
84
61
52
49
77
97
97
80
68
52
27
42
64
87
69
48
72
92
70
65
66
69
38
18
12
3
-51
-58
-3
27
33
35
13
25
43
40
57
48
39
42
51
35
34
36
21
35
64
71
81
72
41
21
10
4
18
20
-29
-65
-5
36
49
53
51
58
38
21
27
64
51
-26
-71
-39
-25
-36
-13
9
35
37
0
-49
-23
48
76
26
11
52
60
24
-3
27
72
61
-1
-46
-3
75
81
75
104
115
106
100
106
92
65
24
4
39
56
33
-3
-30
-24
19
26
-24
-52
-17
9
5
-9
-57
-26
54
74
23
34
58
40
28
33
61
114
138
105
73
56
5
-34
-1
76
116
90
49
25
60
83
72
60
65
44
27
33
38
36
3
1
57
100
85
43
13
-21
-12
38
68
36
27
81
119
88
56
64
43
40
85
117
116
59
-2
12
72
87
8
-25
28
65
89
90
80
73
73
83
109
112
57
43
76
113
101
57
66
107
115
59
28
49
37
1
13
29
40
67
74
33
25
64
44
19
61
77
44
33
58
82
71
61
42
23
34
42
53
51
4
-28
-3
45
105
132
105
56
56
88
87
37
43
92
99
57
16
12
52
91
119
91
52
48
37
29
35
33
32
36
32
27
51
43
25
22
57
82
77
57
27
36
84
128
139
96
55
60
72
90
101
66
66
108
115
96
98
54
29
36
43
52
70
72
66
81
89
103
119
109
69
18
18
58
73
71
70
59
36
26
41
60
19
-11
-2
26
45
51
33
9
70
133
121
80
26
1
32
87
123
120
105
99
99
99
74
41
25
8
-12
-3
22
48
66
57
59
84
99
99
75
37
12
-18
-58
-56
-10
7
26
58
88
60
13
37
59
81
112
114
64
9
-12
-12
-8
8
0
2
25
1
4
51
80
58
21
4
25
45
57
44
42
52
36
17
26
64
58
27
18
11
1
-33
-19
11
27
49
59
41
16
-4
12
71
66
13
16
42
33
8
13
64
70
53
24
-1
-27
16
91
124
90
40
49
76
80
70
34
24
49
72
76
48
20
18
22
57
96
96
54
-10
-34
8
23
-8
18
61
24
-37
-33
50
117
105
67
43
54
70
58
40
51
60
28
-12
-52
-18
76
153
170
120
59
52
65
54
48
74
92
74
56
36
36
35
20
53
118
107
43
-7
-37
-34
20
68
65
23
-43
-70
-37
-27
-46
-25
9
24
-10
-70
-44
51
97
82
74
66
50
70
91
64
22
10
49
100
117
76
33
19
32
5
25
85
118
124
101
58
40
113
141
119
96
72
76
84
105
118
99
76
67
19
23
48
26
-10
1
87
135
105
59
35
42
85
103
84
52
37
16
32
88
122
119
98
67
54
76
75
36
20
0
-9
13
32
51
28
-17
-46
-35
11
24
38
42
8
0
45
97
113
73
37
27
66
76
51
36
35
53
50
42
37
24
-9
-12
18
32
-10
-54
-18
-3
20
55
55
26
12
4
-17
21
55
44
32
25
42
66
80
50
29
44
51
66
80
59
-2
-23
44
122
130
65
17
54
139
167
91
25
11
43
54
44
59
88
86
48
3
22
70
82
96
71
2
-50
-67
-74
-17
65
70
55
64
70
57
68
87
81
56
53
68
54
34
40
56
109
145
123
75
50
41
66
81
37
-22
-17
74
134
138
105
76
51
39
64
71
69
34
-17
-26
6
34
9
-11
4
49
72
69
38
11
27
52
49
24
1
-11
19
71
98
108
60
-24
-13
51
85
104
99
73
24
27
83
146
134
68
7
-5
-1
11
6
10
57
75
65
35
33
54
91
123
100
56
35
9
19
73
116
108
65
13
29
56
58
69
68
41
25
10
34
72
49
22
-1
-46
-22
64
91
71
36
-11
-34
4
60
68
9
-46
-43
12
71
97
68
27
42
76
60
44
39
41
37
42
70
69
23
10
48
66
58
48
4
-12
-4
21
22
16
38
64
73
75
86
71
51
56
101
123
123
118
96
20
-4
22
48
67
53
43
24
0
-7
-4
35
90
96
34
-13
11
67
86
52
32
61
70
81
71
22
-13
-8
51
99
71
-2
-62
-54
17
91
100
53
25
36
77
101
66
37
64
66
58
64
38
16
26
16
10
-7
-35
16
92
55
-12
20
87
86
82
84
90
99
67
32
64
106
85
16
-40
-9
36
44
11
-9
-23
-54
-10
84
149
152
112
70
70
75
73
90
93
71
69
68
59
67
86
80
