26
54
104
131
107
41
4
5
45
89
82
39
7
-22
-6
32
41
35
8
1
6
28
77
76
41
-11
-69
-60
-8
28
54
36
-18
-50
-3
74
120
101
51
5
-12
4
21
-9
27
54
45
25
25
70
82
54
54
68
67
74
69
40
18
1
-10
22
86
100
66
43
12
-6
-13
-28
16
49
43
52
49
18
4
40
87
119
107
76
57
40
42
44
70
101
117
97
65
20
-18
-26
-22
7
34
36
41
42
56
88
123
97
51
64
88
72
32
21
45
49
59
66
49
67
87
56
29
41
44
19
17
39
28
27
44
65
34
-10
-39
-3
71
112
97
39
-21
-8
33
42
43
34
19
-19
18
87
113
103
98
80
99
132
119
44
-35
-81
-68
-18
33
49
56
53
40
39
48
80
105
74
-4
-41
-10
61
108
98
70
60
65
60
72
99
105
67
19
36
65
69
42
44
102
112
27
-29
2
65
97
91
38
-17
16
86
90
25
-30
4
76
58
9
32
85
108
100
75
57
52
49
60
70
55
33
-22
-78
-35
18
22
21
22
60
87
96
91
90
98
91
45
0
0
38
57
73
84
66
42
55
82
81
55
52
56
33
36
56
44
2
-5
40
75
34
-21
3
43
40
42
53
38
18
17
27
60
88
54
4
11
65
101
60
-4
-43
-24
32
42
25
23
49
77
103
116
123
140
145
107
73
37
18
67
103
93
77
64
51
18
-6
24
60
73
71
70
56
40
33
11
26
58
58
35
7
8
3
-9
3
34
55
37
-11
-40
-6
53
96
81
13
-38
-9
21
11
16
69
120
114
71
64
117
164
154
100
56
38
-29
-77
-35
21
3
-33
-24
1
36
101
136
133
107
86
80
74
72
85
72
40
-24
-62
-76
-40
23
61
84
81
41
25
41
77
91
61
24
18
21
24
56
83
72
50
43
52
82
106
85
26
-17
-35
-8
37
71
90
104
106
81
40
25
48
68
88
112
92
36
-12
-23
22
92
134
76
26
75
136
148
114
67
52
52
52
19
-24
-6
49
52
36
81
117
107
96
106
81
44
-6
-35
12
53
77
88
113
105
72
76
83
67
16
2
25
35
21
22
71
85
50
52
74
35
9
18
36
32
11
29
73
104
98
65
54
50
66
66
45
26
33
27
36
56
53
21
-1
20
48
41
16
12
24
5
0
17
18
17
25
65
90
98
83
67
70
35
17
19
29
42
41
18
19
7
1
41
80
50
5
12
73
114
96
59
66
96
82
35
9
55
117
121
89
59
40
54
80
85
73
36
4
-6
-38
-7
51
71
70
54
37
41
41
21
28
45
18
8
60
80
67
40
10
21
57
55
23
32
49
23
-34
-59
-28
-13
-10
-11
-19
-1
32
52
36
27
70
84
42
7
-23
-36
-3
26
37
2
-37
-5
68
76
56
49
40
67
85
89
101
121
122
132
137
96
71
108
136
102
67
54
7
-44
-41
-34
-8
23
37
16
8
23
41
60
51
33
8
-7
16
53
65
45
25
39
55
34
41
77
83
43
20
44
68
70
101
132
106
52
54
76
53
-6
-25
-9
57
115
86
48
54
56
72
118
106
70
61
39
32
28
18
34
36
22
27
29
9
38
89
98
71
7
-7
64
86
17
-8
1
16
52
67
49
20
-9
3
57
107
133
96
19
-52
-45
37
86
99
100
71
25
17
97
141
106
86
80
65
59
4
-37
-7
32
53
83
76
27
23
48
89
92
49
32
28
35
51
73
34
-6
24
85
105
92
52
26
44
71
87
51
-3
36
107
114
81
59
81
103
76
35
66
92
86
50
-11
-44
-7
17
22
21
-5
42
117
114
77
109
169
156
114
86
52
33
35
39
49
51
61
51
9
1
43
87
102
74
20
17
42
75
56
-20
-54
6
39
34
35
40
43
32
40
54
84
115
116
57
-7
-20
22
54
67
69
26
-11
8
26
-12
-21
2
42
86
99
65
-10
-12
41
88
77
41
7
4
37
56
55
60
67
39
4
5
37
72
83
40
-17
19
91
125
88
18
8
66
119
139
124
97
83
66
81
121
132
100
57
54
54
42
22
-11
-4
10
37
51
34
20
22
42
41
27
8
-6
16
40
44
68
85
48
17
36
54
34
51
65
22
3
10
24
24
6
19
42
37
37
12
16
44
12
-62
-55
26
4
-54
-41
17
81
99
74
86
116
128
97
67
90
115
90
68
67
52
20
-35
-36
37
74
52
35
44
34
49
84
88
90
98
66
-50
-173
-162
-29
65
37
19
49
51
37
26
59
97
58
1
-1
50
73
54
55
84
104
91
91
75
57
43
32
34
11
8
5
18
39
29
-7
5
45
40
42
42
9
8
41
104
113
76
50
85
119
101
72
83
91
70
60
51
56
75
102
120
130
119
52
2
26
44
38
33
27
5
4
65
82
28
19
20
5
0
12
-29
-57
0
