-9
20
80
99
72
20
-17
-14
-3
36
73
33
-10
36
55
48
77
97
114
114
73
53
7
-36
-10
25
22
36
80
109
114
109
114
80
7
2
25
24
-1
-11
11
53
87
97
102
114
80
27
-13
3
49
42
-13
-72
-52
13
83
96
68
56
73
97
87
57
59
87
123
103
52
16
9
17
25
34
42
60
85
92
58
17
33
57
81
101
99
41
-21
-11
67
129
81
19
28
66
71
65
54
67
67
41
53
83
96
64
34
59
84
54
-9
-58
4
80
50
22
20
-1
-33
-13
48
33
-7
13
40
18
28
64
64
54
72
73
44
9
27
32
0
8
54
104
109
51
17
12
17
36
39
9
-50
-66
-5
50
51
9
-10
5
52
65
-19
-75
-30
36
75
108
122
91
56
35
7
13
22
38
52
32
-2
-17
18
67
59
36
54
58
53
68
68
32
34
86
89
53
35
25
33
39
4
-24
-7
64
115
90
69
81
89
74
82
89
82
44
27
87
100
42
-11
-9
18
37
53
22
-28
-4
56
68
32
6
39
91
75
23
33
98
117
90
60
43
38
24
19
48
54
8
-13
9
7
36
106
132
88
44
75
104
102
80
82
55
-4
9
81
122
134
100
35
-28
-42
-30
-45
-76
-45
11
26
28
39
51
39
0
-23
-11
54
129
144
80
8
28
138
187
146
89
55
33
25
37
42
80
121
98
42
48
107
137
90
49
50
65
70
70
52
11
19
29
-1
-72
-86
-60
-17
10
-2
-30
-18
22
82
101
54
11
12
12
26
42
35
6
2
17
50
117
160
141
98
58
72
86
73
50
7
-37
-43
3
60
74
48
27
1
24
91
128
97
51
18
-19
13
64
73
71
52
67
93
80
56
76
76
57
33
35
42
37
33
35
70
83
34
21
58
83
89
52
-10
-13
5
27
54
27
21
60
60
44
16
21
82
116
119
100
59
50
81
98
86
64
54
77
113
114
65
32
37
61
49
32
38
37
28
5
10
45
42
-9
-39
-21
23
36
38
49
55
49
-8
-23
34
64
50
-2
-12
-5
23
75
112
106
37
-12
7
56
64
43
21
4
-18
-2
70
112
96
56
43
36
13
20
50
34
-25
-36
5
86
135
133
101
80
60
36
17
67
120
82
17
-25
-4
43
48
42
82
117
82
25
-12
-7
28
64
85
145
145
82
66
90
99
49
38
51
36
20
35
49
43
29
1
-5
2
68
119
81
-2
-20
20
72
119
124
99
71
56
64
66
58
61
53
50
81
69
49
53
73
73
43
1
-19
58
109
83
26
-12
19
45
34
27
3
0
5
-9
9
23
18
35
69
88
89
52
25
34
66
61
55
73
72
37
3
10
27
-10
-2
33
23
19
32
33
-3
0
37
44
-3
-27
-42
-5
48
66
65
52
59
82
114
123
80
36
37
51
34
41
42
19
34
54
97
136
120
69
52
50
48
26
32
37
52
64
25
6
43
90
72
82
100
81
40
52
100
115
106
67
38
21
27
22
2
26
71
49
-8
-4
69
132
128
91
84
42
0
-7
28
20
-26
-3
32
38
82
117
93
10
-12
51
99
73
-22
-70
-4
45
12
-8
25
66
70
75
105
116
112
85
60
53
52
67
39
34
93
131
133
132
104
56
39
50
19
-1
25
44
36
8
3
39
81
102
80
43
24
32
29
8
0
-4
-24
-2
54
97
60
-9
-4
43
61
77
76
33
12
27
59
67
38
6
34
73
82
44
25
57
74
82
67
67
60
12
-5
54
101
97
61
52
55
52
70
82
64
56
66
75
52
16
22
70
105
88
48
25
11
11
43
40
12
-3
-22
-61
-104
-71
21
59
18
-8
27
84
102
97
56
51
81
82
69
71
48
20
21
24
49
72
57
49
36
20
32
49
34
17
18
39
66
97
102
76
80
90
103
117
81
66
88
58
-4
17
129
183
149
80
64
48
24
41
54
55
53
50
41
67
135
164
132
68
36
17
-8
-13
-6
-1
-34
-50
-21
28
72
85
75
71
45
44
37
16
2
28
90
102
38
-23
-3
39
74
84
81
53
16
25
88
92
33
22
35
50
51
43
21
4
22
45
39
0
-35
-67
-107
-117
-74
-5
34
32
6
25
68
76
39
35
66
70
56
56
64
64
53
65
97
107
53
-18
-25
33
80
60
38
37
58
101
98
80
83
81
37
6
10
39
72
44
-11
-10
38
52
28
8
-17
-59
-14
71
117
117
84
48
39
38
9
3
12
39
72
88
71
9
-18
40
103
91
58
51
-8
-12
36
72
90
73
76
67
33
24
25
4
-11
6
6
-2
5
49
76
59
51
39
6
5
0
4
-17
1
42
99
115
59
32
76
131
144
89
-5
-7
68
101
43
18
58
56
17
-11
24
71
81
0
-69
3
104
146
135
91
65
48
65
99
87
21
12
54
59
57
71
82
85
64
66
83
55
10
-34
-8
