58
22
-9
28
102
97
32
-18
-28
11
67
82
27
-21
-23
0
1
22
88
129
107
96
98
69
73
91
82
61
56
69
57
8
-40
-24
50
100
107
88
56
49
55
69
38
-7
2
41
51
-6
-53
-18
41
112
132
85
44
50
55
70
108
104
52
22
-10
-19
39
58
33
20
39
72
29
22
53
76
65
23
-3
8
-18
1
49
42
23
20
19
39
54
33
1
2
52
97
66
26
0
24
68
82
77
35
-39
-71
-38
48
105
96
87
72
35
45
109
130
82
21
-7
-24
-30
-19
24
74
118
119
77
23
-10
23
58
86
82
67
71
71
38
35
52
53
37
16
-8
-9
22
49
77
100
105
89
76
91
88
67
71
33
-27
-73
-82
-58
-7
41
68
9
-42
-4
68
107
128
117
83
57
71
81
41
-18
-29
13
100
122
55
32
52
64
51
34
22
43
80
72
32
5
44
88
87
64
71
96
88
66
58
58
85
91
65
32
26
1
-21
-6
9
-4
-5
55
102
80
5
-34
-21
40
99
109
56
4
21
58
80
49
16
10
36
48
37
33
28
36
57
54
1
21
75
71
26
-17
-3
85
155
141
76
56
96
131
115
36
-20
5
25
50
70
81
84
86
102
98
76
82
98
64
35
20
25
49
51
18
-2
44
91
75
19
5
39
68
58
44
89
122
71
34
38
49
55
58
85
102
86
50
42
53
38
36
65
83
55
41
72
87
85
89
69
48
39
26
1
-34
-58
-7
32
34
43
77
101
68
22
42
73
87
80
56
28
40
96
98
11
-36
5
71
103
57
40
60
64
24
2
22
85
125
104
44
33
40
12
10
56
72
58
41
27
9
8
35
77
106
84
34
37
38
11
-2
-33
-17
22
77
102
91
64
85
89
70
39
2
-20
12
73
91
48
-17
-2
55
115
136
97
36
17
11
9
21
26
41
72
81
80
71
26
-1
27
51
34
36
34
6
-37
-36
16
-1
-7
4
-4
39
88
72
65
80
52
54
112
134
72
4
-4
-13
5
55
56
4
-42
-29
49
103
107
97
72
22
-20
-41
11
66
18
-26
1
33
-25
-52
-4
74
130
106
37
-40
-42
16
61
66
48
44
41
12
9
49
85
20
-12
21
69
101
97
75
58
57
77
91
25
-36
-21
26
51
34
-9
-20
17
23
27
43
60
73
75
70
65
48
26
42
80
72
45
51
49
-1
-8
23
33
33
17
18
53
75
67
89
98
42
2
53
116
135
118
91
86
76
64
84
113
91
24
21
40
35
54
59
52
39
18
3
16
22
22
20
-11
-4
16
57
87
67
37
33
-2
-26
-13
24
58
35
25
49
83
85
69
91
113
96
77
90
73
64
73
71
66
38
42
7
-11
34
36
10
21
59
60
33
49
107
120
102
88
61
36
67
115
137
138
112
83
73
42
-34
-77
-11
67
102
92
66
56
51
40
80
133
138
60
-36
-22
35
59
40
35
21
-34
-51
-35
2
23
5
0
4
38
86
132
131
82
74
85
71
56
43
55
86
70
19
24
55
50
19
28
70
69
52
60
69
44
-5
-20
54
89
27
-3
33
101
136
102
10
-44
-20
49
89
81
6
-24
8
-19
-55
4
97
120
80
50
32
40
90
100
82
70
64
54
38
40
27
17
41
83
91
67
54
51
45
64
82
42
-25
-30
-10
32
59
41
40
55
50
52
58
57
64
70
22
18
68
86
100
86
45
69
133
129
84
39
39
53
22
32
86
105
59
28
6
-21
-17
26
81
68
34
0
-7
10
83
103
65
34
-2
-44
-61
-3
68
91
77
59
65
65
44
33
48
59
41
26
35
34
12
34
64
64
84
93
73
44
32
42
33
41
56
67
49
22
10
34
65
74
77
64
37
5
3
35
66
67
20
-1
11
34
50
27
-13
8
58
59
36
7
7
21
60
98
90
51
32
56
73
19
-6
54
119
140
103
75
92
98
68
27
25
33
42
57
41
12
26
41
54
91
120
107
74
58
57
51
48
24
16
71
115
82
27
9
-24
-23
19
48
55
35
41
83
88
42
4
0
24
40
9
-3
6
6
18
48
52
4
-43
-40
27
80
66
41
74
121
131
124
129
115
118
88
28
23
81
86
68
69
72
49
42
56
70
60
18
-43
-49
3
19
6
-13
-8
32
24
18
37
54
56
60
81
86
69
66
56
44
60
52
18
21
27
60
54
28
40
22
-22
-5
41
81
106
92
55
10
-6
9
32
36
3
9
52
57
58
55
49
69
88
64
19
-24
-12
56
82
43
1
55
133
137
92
27
-19
-7
8
38
70
91
96
52
17
51
85
74
44
59
86
54
8
12
56
53
37
36
25
27
38
8
-22
-9
6
26
90
164
165
97
52
37
36
77
86
80
89
101
67
-4
0
82
114
61
0
-13
-13
-1
26
43
58
91
128
115
21
-14
55
104
64
4
