-39
-27
6
50
76
53
-4
-42
-36
18
49
58
71
81
60
56
56
41
33
74
105
44
17
16
7
52
91
89
80
58
36
85
148
124
76
54
25
16
56
83
73
65
49
7
10
50
85
92
61
41
39
40
51
53
41
28
35
50
66
80
80
103
123
122
101
96
105
91
75
70
25
-50
-42
9
57
83
65
10
-21
-34
-37
25
104
125
93
22
-28
0
72
101
82
71
88
83
53
50
87
108
103
92
60
36
54
74
69
44
56
65
60
97
133
108
49
32
41
53
35
37
65
67
44
59
67
60
51
49
9
-49
-13
36
37
38
36
19
-6
16
76
91
53
17
8
34
3
-45
-28
41
92
88
76
80
73
53
-33
-53
11
4
-35
-2
70
108
99
72
52
51
40
42
55
41
16
12
52
80
65
103
154
118
33
0
24
39
25
37
56
83
82
75
64
53
54
60
82
52
0
16
83
129
99
43
2
-12
3
70
128
91
60
74
76
73
81
59
58
67
72
80
53
17
23
85
137
132
87
64
45
43
53
52
29
-2
-2
50
76
67
22
2
21
49
77
116
129
100
39
-17
-13
13
85
138
130
71
18
57
114
89
64
48
17
-13
9
49
18
19
56
61
72
91
93
66
38
24
18
17
44
88
76
41
52
69
59
60
80
68
24
-28
-23
12
21
32
56
60
25
-27
-18
10
22
23
5
-40
-33
20
49
1
-39
28
117
123
67
20
29
52
49
48
60
35
-11
-6
27
55
58
17
-24
-20
42
85
108
93
59
59
71
64
11
3
20
24
44
50
45
57
73
85
76
58
65
76
81
91
85
54
41
44
37
32
56
93
91
49
20
9
35
83
115
88
41
34
29
3
-5
20
51
32
-3
-21
17
55
76
80
38
2
36
104
99
51
16
22
18
19
36
57
57
28
32
40
12
-14
-6
1
1
13
-2
-38
-17
42
96
112
89
54
56
74
100
116
67
7
-3
0
35
26
11
-17
-59
-12
76
122
116
89
88
90
84
74
76
85
91
92
57
17
51
108
74
24
19
67
99
69
11
22
22
-8
-19
9
43
42
17
-10
-49
-43
-17
25
82
98
66
32
16
9
11
24
51
99
67
5
26
53
26
-6
-5
18
74
138
121
23
-18
36
106
113
88
57
12
22
41
67
68
58
73
72
44
55
87
112
123
91
16
-8
67
124
98
49
26
44
59
13
3
49
65
50
64
84
92
72
53
55
58
40
-3
-27
-5
40
61
66
51
34
35
71
105
87
22
-1
6
24
40
41
5
-37
-56
-4
58
81
54
0
-25
12
68
108
32
-29
-4
35
59
51
37
24
1
17
33
25
19
-2
20
48
58
56
72
96
82
49
35
20
-4
-6
2
23
56
52
21
9
54
86
74
72
56
12
5
64
109
112
52
-3
10
70
114
73
1
17
76
96
66
4
-20
23
67
84
109
115
56
21
48
98
97
58
21
-9
1
8
8
12
8
-5
-4
49
100
96
41
-6
-10
20
57
69
21
-25
1
17
6
6
20
29
40
48
44
51
65
76
66
42
22
25
50
76
85
71
49
22
11
49
72
86
80
42
39
57
70
64
32
65
104
89
7
-38
20
73
85
57
33
25
34
56
48
23
10
36
70
92
64
42
55
44
37
24
0
4
18
-3
-38
-42
-7
40
90
106
60
10
24
66
92
104
52
-28
-24
61
117
86
39
60
90
80
82
104
113
98
41
-26
-51
-19
23
59
88
81
56
42
43
32
7
22
44
41
67
108
83
34
70
131
132
82
20
-8
-12
-20
-10
-29
-81
-92
-22
56
66
89
137
151
120
82
42
55
84
64
36
48
44
16
3
18
42
71
92
105
97
26
-2
28
32
26
53
75
61
36
32
36
67
81
41
-37
-53
-7
34
33
54
85
86
64
37
41
72
102
105
75
45
36
44
43
11
0
38
83
85
80
67
58
39
40
28
3
35
97
125
115
67
21
11
22
35
54
74
85
51
6
-45
-59
2
73
107
89
50
-3
-23
28
69
41
52
108
140
128
90
44
-9
-8
22
36
16
28
50
52
35
52
89
108
103
98
86
27
3
-7
-74
-131
-46
74
112
81
57
66
51
58
112
140
128
91
72
82
92
100
80
68
59
35
-2
-33
13
61
32
-12
11
92
148
115
53
32
33
76
135
146
102
35
5
50
103
97
68
83
116
125
97
57
36
44
55
97
115
59
6
7
49
51
23
55
124
162
132
76
16
-22
7
21
26
25
20
34
49
32
24
26
57
116
116
23
-39
-14
12
37
55
21
-27
0
39
51
75
81
16
28
115
144
97
59
51
48
40
27
18
21
5
-34
-26
32
77
44
13
10
32
67
100
113
87
39
-13
-8
40
67
66
58
49
18
32
85
98
58
53
52
59
89
70
42
57
87
109
96
36
0
2
42
74
53
11
-2
6
36
